40 31 594
7 3312126082
1808416041 3332421296
13 3407941919
75 84
1234209696 4273756417
76 1106350543
19 2915966780
191 205
892059367 3608321523
49 3535235983
295 2328527085
1891394757 3353906370
367 562
3200565737 3780596682
1380767927 3321771625
534 611
206 596
660283244 2572851970
303 3676844181
783 147823362
760 774
913 944
641 776
981 989
215435426 1770637694
2930651207 3857614492
173 2309047483
3370794892 3794198507
273 1187194126
865 2239236961
552133851 2967877511
240509457 3182199858
3795692444 4062376045
173 527
699350941 2869155858
1334 2830903959
964 1491
1555751640 3295352854
656 172221402
1379 1683
1389 997842277
1443 23571979
2535133813 2548403197
2214568410 2578786815
544 703
414 861
585105588 3890129430
1046851729 1965549355
1586 2093897292
1841 13220784
1443 2157
1187 3733374005
1296509737 3919663963
748 1164
722 1501
1152336755 2147539995
1767328415 2314133335
3690796095 4236849902
1348 3156066447
873 2679211083
499 947099374
1929 1948
2432204742 4252061070
559162522 4077958530
43646300 3917202220
2960249739 3914728474
3512598527 4009991571
1862 3030563026
2801776693 3609561717
1540 2290
3624437597 4115035508
2236 648538106
763571362 2004419954
1466 2872
189568720 4073258073
1480 3077
1687 553128877
621 2717
2294 526433474
1488 2291616341
491648630 1800856194
3424 3509
1555 2566416817
289 649
2045 444851430
3570 2318430311
2242 4148257957
512 1693463757
2017 2469
3490840343 4211600618
2668 3577
1090 4208750463
268961164 3030565718
2625 3228917640
1919 4130165587
1035 3335
3289 3829862577
3533 3558
1865 4060
1985 3199882966
2161 3922622333
4249 4428
2726895802 2768614441
3355744343 3747836790
3196 1475473537
3580 2385209073
2366 4339
2682498611 4265906361
2641156101 2796898830
3971 4568
1651662955 1946823737
3890168827 3930393049
155 3352
2499361118 4234570844
3409 1144078218
614 3479
3657030618 3664824286
127252214 2462565278
4612 3354087698
4044254451 4167326177
4118 4520
672442024 4195381616
541 1759
5004 5303
4237254706 4244945374
2726 3158
2881441500 4223420022
2587859097 3326886508
4367 1428548032
5054 5191
4128 236234365
45 1226179087
3454884250 4114103393
5417 262520346
3248 3745879901
1712 1462336648
3981 5068
1214394619 1331814740
3315085450 3738794869
3802 2899921684
3068 6019
2243 1921996587
2294 4981
3981 3057970099
14216852 777130368
5205 5836
4387 5278
1661228530 3487059147
206594210 2298399219
21 1381763702
2786837596 3229005306
4952 3713512167
4469 589893351
5197 2499621825
1280 3649
2923 5339
6448 6677
3276 1814163676
2647 2749547186
6930 1120019551
2839308314 3315164237
3314 4908
2921 2369957249
688 6809
2423 1492296648
2305 1543453436
5726 6188
4823 6429
3607651058 3888409719
4965 6685
1953542246 2448217844
1515 988264340
3494 6731
4398 6181
2792 5471
3860 7086
2835 3132753307
476 3093545429
4261514242 4263117416
5677 3920990242
5560 1549084327
4824 5358
5459 7884
1869138770 2297118659
2709 2319619745
581 3129014141
663 1311770961
3819609993 3850020684
4329 744077791
713 1398
2919062178 2981079376
3719888817 4275135555
257699963 858104611
3546 2862933908
7809 1547399858
5592 6234
4743 6069
507 7210
5947 7263
6576 196745684
7123 8237
202 5329
2591 5722
2725 3126411537
5940 252473194
1718656376 1979380077
1506008661 4232385684
2800125704 3751820880
5544 6330
3844 166145181
1943 5294
7466 7609
4095 3651883313
6820 9181
7346 9098
1811 1202389284
4041218307 4172845128
7639 8190
3571 429428967
1168875484 2967996798
6791 8781
8288 1964273720
1939937185 3730273982
2896121586 4255813549
2450 8635
828685928 4061747881
2183629531 4207965461
4627 2844851435
1757 2657697811
1246930746 1516936884
1506 5085
135055134 2928984819
6734 8476
1906682623 3433384709
3422666942 3659832264
891 217255133
5905 3534065543
1681977666 3277219314
115686786 2170967776
2113 3080
4142 3305968892
782005886 1512855763
569 754
6910 6930
336 3934
2996 6967
5612 3007827115
4043120118 4198086132
5739 3317501058
119659521 3918908535
4006823489 4154882145
6409 9078
2053018369 2562970090
6517 10566
7576 1758298405
9598 1084365381
9481 9926
2353275346 3582767809
4165992817 4233176521
2275 3534793528
2539832751 3555630397
321080367 2702788429
3865 1077781025
2026087519 3429400748
10023 2276992762
243 162524779
6790 1860331105
7702 1817776953
4649 1029905551
10973 11244
912629921 3365910751
1318717344 2949015201
1085 739054254
7608 8692
2893911396 2948882137
9710 11594
11301 3146064679
5411 10461
2257818744 2310531844
2766 3095390153
2305348813 3157881666
1238837850 4191002626
6305 6359
3031 3134890792
2984587202 3333073683
4209 4206065507
6305 3755490297
3276 1956178183
12250 1984385568
3417947257 3574784373
3306047420 3900621957
6827 3274031415
8322 9381
3751 2155128745
2493 1170216598
8938 12678
347 4083585997
3538 2891958672
478192540 4221166197
12849 4221639090
8789 8804
206 358
2091487180 2675296869
727 243757534
3540 9893
593 9928
424228307 2176662637
3326746754 3483136340
9593 12555
7714 3821829987
847976259 3553026266
1266 2220632824
1510430179 2916565005
3670 5966
13578 1480518660
10755 11044
3050636257 3299841365
3841 4774
5960 3953153976
8509 12315
12800 3173979244
4473 7500
5241 6188
4214 8778
2954 1427421449
12368 1114314895
1875 5973
5584 120597349
42 9919
3844751904 4203998991
7487 3671213141
447900240 3794078672
7261 1580425978
2761698226 3818140070
10579 1550485119
796 282272660
2325 3907710775
2702267665 3528114721
2107 3418587692
13511 786462362
9465 12103
13546 137917841
4112 948446428
3887860428 4050712663
14042 2127553316
1189225399 4130668920
460 8265
4799 6910
1119369 1279218638
2835 120267622
6863 2128087395
5713 9265
10581 14313
1156105777 1313766021
545 2310795916
3241984463 4021497217
4934 1098548202
3844802917 4144967003
5732 9329
2027780882 2264079399
2859 11328
8122 2450849587
7567 13505
7834 59359543
13545 14127
6682 2831931730
2218636011 3581717373
9313 2224145540
2591 15763
14966 3039811243
6981 8305
1855848299 2651744143
6606 12643
3724922640 4190953025
13620 2376022429
14485 2320737115
862003068 2043094158
3625 124368327
8807 798260991
8370 12290
14823 16141
12751 2917641056
7302 3624394593
2477 1969783394
2620449820 4062880321
2207677100 2278435930
3625 7175
3554 9468
8358 9784
9890 3954619462
138030400 1431379450
7502 1972696441
5964 1714760878
10246 2632218964
690905330 3375000864
12977 653506937
3921 243462149
3280775561 3377993466
15588 2699742055
3340 31590435
2940676848 3603955574
1903 1214810053
9139 17413
1569143290 3385900521
1948479021 3765899292
12003 14681
8791 16141
3070307516 4151872120
2147296301 4047672993
13716 3664998521
13432 956851606
11429 15491
1903 1281607202
5250 2020828353
15489 946735929
8097 16691
4565 1144578863
14496 3085686241
12065 914912293
7152 3312572223
3372 8373
3973182686 4150873091
843026635 1179251507
4546 2805959795
1493 2791660349
14902 2218200002
11950 15595
2891 3197305563
4257032937 4265178836
1067 1573587825
6442 10565
17756 4105617744
18064 1827684155
210 1570
4819 13468
2776274610 4093938518
18813 19067
501256270 3407253623
1094262073 1488292224
4056836680 4278000057
156349422 2615116953
3267472265 4137491533
1532158637 3686394286
18846 3251805182
16126 224517467
16066 17328
1146242634 2390056265
3249 11673
1814 1396197636
12172 17536
2560565864 2661159223
405227507 3244310384
794836651 4016276354
3325124750 4106415284
1105417443 1190775406
10656 3811805798
3680514917 3905154391
3330 16532
5620 19211
851604341 1150241975
2283313228 3709447760
3725 5525
2121110226 2624096852
15039 4118968123
1804 3004
3605 2883898005
6625 14594
2164 3158532643
1306 16340
776665723 1828427405
14075 3986671048
14143 2626051460
3619604179 3796039630
6091 808593613
647519926 2824330887
20155 20255
331176113 357892958
12866 1068390375
8148 3442959601
856592354 2103554577
1802 2472
15401 4005856814
5240 7714
5597 12197
9870 2085958005
1080403641 1169482521
14113 147504769
2952738993 3879167555
20685 300424925
5117 4141688617
10723 11614
20594 21135
6089 21123
18796 1049103549
2232 3064017873
3699649542 4265528840
1226 2317383198
1956565387 3124577607
11712 13304
1212 2648039459
454142000 3886460021
1263729262 4108108502
11099 2146729229
3043792418 3279202181
15800 21969
11398 1097229017
6855 21545
1414 2662547718
3880803872 4290128696
2508 703059
4211006441 4270740063
2691755308 3429255515
178966252 2657206897
6577 3523064112
13079 3964787925
2986159655 4241404854
7557556 2009739004
13787 17921
2694010849 2900898383
14176 1527790460
16934 3158848286
1003606418 2874154641
3252135144 4116301183
1184559021 1543379419
21517 630123592
20314 3449781243
500 3779620272
446867736 3201550648
3862 20527
12907 688593849
19813 22933
267 6337
184437269 2019481609
21075 1936566879
2173987978 2761336097
2582336639 3966276858
15732 20440
16005 19584
1276 12705
2047007864 2539584479
2256872219 2604170577
1244629412 2955220054
5957 3389579274
22128370 2583569468
1511891571 2891188880
11985 23611
1823860978 2542475396
2536011538 4229424179
7005 11463
4212476152 4237182035
3825328086 4040442498
17560 23627
10237 1535882958
11024 15776
1991489632 2678890766
9122 746114807
16329 4031164552
4438 1664387165
22183 23720
3108997738 3368144842
3718 3430458016
3228148064 3383590457
17539 205813152
7987 23264
19461 2711341634
1555 9479
6669 2123533447
4246134411 4274814426
2652281236 2962814253
3208 1925383667
16675 3027840942
19947 2913323744
14834 16736
7373 24268
5833 7924
2302 213173767
9950 3254075546
1821530222 2192596485
982333366 2446515369
226 1724278038
3265975712 3857351404
4208449928 4264808843
3859910415 4230617719
3928965273 4133723147
20365 193252641
11397 11452
7896 14052
2605379980 3829070170
1650474723 3902115803
24413 24693
10348 1964164065
2246468117 2673807229
4933 1417077302
24623 25268
