50 27
722 648 537 316 460 515 456 766 503 224 151 610 265 146 421 72 320 291 382 182 393 243 288 326 22 46 108 125 270 100 228 176 117 105 54 59 36 146 106 56 41 8 120 42 7 114 70 52 43 94
4 8
27 24 14 10 16 37 13 46
31 1
33
7 8
17 45 46 23 40 12 29 8
5 6
23 28 48 19 38 35
0 5
39 13 43 21 24
0 5
21 48 22 19 10
3 11
42 9 16 8 17 45 20 49 22 36 18
2 9
5 38 18 41 31 34 22 24 8
2 9
24 3 29 44 15 48 45 25 27
1 11
2 44 36 9 20 35 7 39 12 40 33
5 15
32 22 36 38 10 6 19 14 42 47 17 44 16 11 37
0 5
10 23 47 42 49
0 1
26
0 4
29 33 5 1
0 2
12 2
4 13
34 40 22 36 17 48 25 23 16 32 24 29 35
1 14
20 35 25 24 13 41 12 6 11 2 23 48 10 36
0 2
23 45
0 4
5 7 36 47
1 6
7 18 26 40 16 28
8 1
42
2 13
19 22 25 26 28 32 23 41 30 45 21 3 33
0 4
24 26 33 7
2 13
32 22 30 25 16 8 37 45 49 10 42 12 41
14 9
40 45 16 28 38 36 34 47 20
0 6
5 3 30 45 19 36
1 9
4 27 31 45 42 43 28 10 24
