4394
133
486
128
410
85
364
216
419
94
279
243
271
201
491
185
91
236
286
82
122
383
382
219
384
478
191
243
174
81
9
476
230
29
64
325
115
228
39
14
315
17
145
393
367
50
139
321
63
494
50
200
349
350
376
24
82
257
119
121
194
116
100
261
459
198
484
393
345
66
24
462
378
457
34
266
98
196
39
78
89
3
422
447
374
14
334
337
308
220
106
416
36
301
388
425
258
80
22
461
100
337
40
259
56
131
35
13
486
111
458
363
9
244
425
387
493
119
190
390
32
280
392
155
289
398
162
119
325
357
179
21
374
453
439
72
359
161
134
202
293
68
99
161
92
112
426
396
99
255
338
495
103
239
395
128
499
63
305
364
498
260
130
450
331
106
436
291
8
17
409
24
1
264
150
170
378
393
28
485
364
420
124
381
103
230
492
251
346
107
452
465
50
147
489
196
475
161
379
209
381
9
426
442
274
268
253
70
336
375
217
327
330
5
179
35
272
317
57
331
223
104
426
331
22
162
18
376
121
317
90
434
139
253
359
204
47
261
202
397
486
224
190
290
460
415
475
179
142
222
362
280
313
443
189
401
29
68
499
211
424
336
342
162
407
159
364
431
308
36
128
33
188
395
31
287
87
355
420
329
30
30
317
276
237
253
333
247
71
69
184
148
68
311
182
141
132
104
209
13
199
71
199
11
152
412
425
295
44
4
455
239
47
75
155
350
470
184
1
408
5
185
303
476
407
61
238
429
124
470
135
288
462
388
269
159
162
241
240
353
263
93
102
260
67
406
183
100
367
187
425
210
293
416
108
366
423
278
294
197
133
21
244
20
103
500
470
80
73
494
372
303
429
151
74
111
84
399
491
5
276
28
339
450
427
440
220
321
448
81
147
171
135
263
177
405
156
157
485
316
16
496
191
300
143
179
42
154
81
34
330
190
183
168
224
222
197
225
162
231
204
351
37
106
381
176
53
424
81
170
266
469
93
3
397
425
365
143
380
25
469
284
23
205
434
247
345
192
273
405
207
273
280
388
418
172
413
483
437
418
265
199
465
54
224
301
447
165
139
63
138
224
255
85
57
183
241
495
3
422
477
128
228
203
294
126
185
218
341
484
34
54
62
426
444
246
292
354
380
272
305
164
446
496
494
92
444
45
268
422
203
90
102
363
24
443
350
240
62
140
11
227
295
415
192
297
280
347
403
81
327
317
339
182
92
343
190
145
57
262
96
96
491
103
419
27
113
435
149
121
335
362
169
109
453
100
471
252
320
64
237
58
239
280
133
483
196
344
249
307
307
38
484
124
403
226
331
120
340
134
184
354
182
198
208
1
399
186
445
393
257
129
203
394
372
473
217
70
471
281
45
115
436
495
120
471
45
108
409
5
82
408
152
381
291
71
428
290
344
469
395
106
149
184
178
406
170
265
10
372
391
73
91
178
351
263
313
440
482
400
234
376
240
395
93
130
219
60
160
18
388
487
102
400
46
445
46
461
169
439
292
422
269
123
491
495
127
469
295
339
428
414
297
371
165
332
178
384
49
217
434
354
288
199
395
154
279
122
355
117
73
28
230
151
327
497
254
180
229
149
443
309
370
407
91
371
321
256
164
440
468
262
486
302
249
494
10
31
196
289
407
133
293
109
87
61
193
241
25
36
449
329
433
489
479
219
117
84
76
113
364
399
451
75
316
354
127
475
478
440
40
423
240
62
445
89
84
249
208
202
495
481
462
204
208
297
293
432
345
308
300
413
67
368
387
108
356
427
403
380
48
400
122
91
288
149
213
307
396
188
216
330
496
368
229
352
458
107
192
97
327
437
391
277
307
8
55
306
158
275
413
430
28
498
115
487
37
303
160
181
369
492
160
118
227
474
83
320
344
66
321
212
449
396
143
239
97
298
32
29
448
300
29
162
77
414
347
177
92
168
296
128
446
82
80
295
464
389
404
12
203
100
148
24
429
383
183
410
283
150
297
286
332
273
72
79
143
229
214
340
80
361
12
396
118
172
452
312
294
369
491
214
166
244
485
146
99
424
209
192
418
497
486
129
440
239
248
339
159
500
445
133
294
459
454
322
164
282
155
384
148
127
285
369
420
124
289
4
212
384
385
396
171
53
50
435
76
53
250
208
85
239
91
284
482
52
82
317
491
464
359
498
311
433
18
285
271
457
50
325
232
25
196
465
415
323
411
415
496
335
211
316
291
239
154
51
345
456
481
190
308
308
465
27
444
133
201
42
424
270
32
323
264
1
160
233
483
384
452
393
82
334
455
240
300
113
103
84
303
231
122
115
272
135
382
104
243
293
165
284
236
491
32
33
206
450
151
174
369
334
453
402
25
431
290
22
486
67
133
9
126
18
460
128
149
374
402
214
384
134
65
28
383
463
93
129
378
160
245
164
386
321
139
269
239
239
361
141
157
303
467
251
173
185
42
234
100
243
207
119
116
147
181
381
227
38
402
357
300
58
13
358
181
14
313
113
280
277
464
179
157
42
225
195
271
168
175
207
488
472
396
190
483
336
187
401
230
423
298
150
55
354
217
125
199
243
314
102
349
265
158
405
228
364
166
292
65
190
20
300
238
476
269
51
92
21
305
248
393
355
72
428
29
30
456
325
66
40
468
361
259
145
394
38
476
174
182
482
166
175
180
221
117
471
240
103
383
172
50
190
33
276
178
262
93
484
351
417
375
224
488
160
32
191
288
485
329
170
328
465
349
145
86
109
167
411
291
223
124
262
293
97
379
307
462
10
50
379
429
155
86
241
37
317
381
447
456
22
416
408
205
439
290
228
351
37
60
106
270
479
300
398
448
391
395
52
495
307
456
211
268
426
409
500
421
195
479
318
6
186
222
322
461
492
171
28
18
358
36
174
110
33
186
215
35
240
44
289
430
71
281
375
23
131
451
72
230
180
357
285
342
333
129
63
487
18
24
157
178
275
308
180
86
358
227
387
198
458
108
299
171
36
109
178
144
154
40
297
318
469
111
365
413
261
85
305
312
220
198
495
234
25
36
310
80
274
186
328
58
181
310
490
135
40
200
98
17
24
322
214
11
58
442
499
410
392
202
354
21
233
315
348
98
160
294
450
32
226
330
319
105
174
171
208
146
392
252
217
9
330
370
462
371
10
471
216
427
76
376
58
51
54
176
420
222
221
254
476
160
341
215
103
389
71
208
268
368
460
383
123
201
203
440
99
29
66
122
435
295
407
116
86
375
483
380
128
414
312
296
91
345
417
239
112
359
97
442
382
210
333
77
348
162
27
83
71
230
205
454
320
258
327
213
147
481
439
462
477
41
80
103
107
314
221
144
319
229
328
411
79
198
15
274
357
415
72
299
303
177
366
383
288
460
493
487
343
407
34
429
216
180
273
275
389
435
121
33
494
182
380
96
415
13
171
364
304
448
79
446
389
11
148
294
70
142
446
230
16
381
360
110
165
448
15
355
57
433
368
68
488
459
466
477
2
408
225
392
416
358
457
307
312
177
121
107
386
205
436
399
120
496
82
391
51
84
297
343
334
100
495
41
491
378
236
127
411
315
166
203
305
334
346
199
444
426
71
377
449
277
110
346
54
36
267
211
159
88
313
412
355
489
24
239
274
465
288
369
425
68
320
260
273
298
90
123
305
429
40
61
376
258
352
317
294
297
120
209
323
228
215
481
33
349
427
325
64
269
91
432
281
226
443
469
247
112
234
161
149
363
339
461
82
118
131
377
355
343
311
379
453
408
148
261
33
171
240
261
62
137
454
483
156
398
413
103
498
32
206
280
496
4
278
267
91
281
461
446
217
54
19
178
420
422
232
54
238
53
183
12
268
341
103
403
54
121
391
56
446
224
473
47
51
69
299
325
21
70
461
168
344
325
195
170
392
25
133
273
402
292
238
343
39
228
112
165
104
281
186
151
23
426
387
98
90
7
494
408
100
344
407
368
70
177
400
385
61
432
447
110
279
67
69
400
472
481
118
487
51
304
158
97
392
28
19
377
426
197
60
124
155
346
40
249
411
36
19
444
47
159
222
20
307
205
357
365
83
93
137
328
129
114
447
489
29
98
130
11
164
167
364
362
264
144
102
2
497
268
148
308
423
411
366
348
453
360
468
103
12
275
110
496
453
85
242
247
359
55
355
56
218
382
97
75
414
163
163
466
124
308
492
307
461
276
120
451
423
404
51
370
312
16
171
94
232
63
250
302
129
448
31
424
405
133
373
311
358
230
358
40
41
72
259
171
55
173
340
98
153
123
390
443
220
475
273
484
110
189
124
115
186
230
272
193
436
378
408
30
459
262
159
431
105
112
44
408
480
165
29
363
310
257
354
49
49
444
425
333
201
242
61
256
477
153
251
51
130
372
397
128
450
470
72
289
483
380
403
203
200
479
472
85
444
370
11
21
43
278
457
101
335
430
227
167
2
409
110
158
177
54
375
238
262
46
195
287
302
254
101
246
242
144
39
260
409
50
372
372
220
384
409
288
172
262
346
344
356
360
473
30
376
247
349
360
321
277
178
7
3
302
112
343
479
126
157
430
426
193
320
212
65
265
399
89
429
75
315
82
6
132
358
410
248
327
74
42
131
442
491
26
136
463
312
42
136
374
423
100
192
312
67
430
40
351
292
150
307
348
313
280
218
260
160
310
243
48
421
314
389
249
239
8
118
101
328
106
334
213
332
169
345
472
163
425
138
456
407
498
87
294
291
180
34
200
401
256
282
342
452
463
83
88
403
42
153
76
474
347
103
29
86
196
29
146
426
477
412
173
375
284
473
60
391
354
248
240
253
207
139
387
429
406
5
257
310
52
431
443
179
78
463
265
165
145
255
212
60
407
362
191
262
480
282
122
492
430
119
183
260
167
486
345
4
438
170
410
363
305
245
481
234
313
325
219
389
481
256
424
56
314
136
298
196
202
121
372
21
409
44
293
260
310
253
485
112
138
469
72
284
312
295
230
399
156
210
281
34
382
140
208
122
428
248
225
296
285
140
367
256
296
243
197
333
50
255
146
28
177
475
303
448
241
123
392
36
22
19
479
444
490
175
57
220
222
410
470
180
399
125
119
239
417
185
303
238
214
158
28
258
151
97
114
164
152
200
272
385
103
69
282
454
157
277
101
118
500
414
89
92
447
252
419
403
451
326
228
312
77
103
493
127
83
138
10
201
279
269
447
166
305
145
154
232
429
59
431
480
320
231
437
352
191
81
178
381
421
242
130
59
496
154
111
295
385
50
167
181
381
442
439
79
439
72
408
19
92
409
278
213
266
60
402
153
212
98
154
396
162
288
341
209
274
399
305
403
325
255
183
37
493
48
476
151
224
94
53
24
236
230
404
353
176
333
321
454
50
470
288
417
439
211
51
157
326
45
432
377
281
157
470
349
413
147
351
57
113
144
447
183
296
164
326
191
126
444
411
234
459
113
219
383
113
124
68
449
453
151
258
117
86
371
128
224
154
95
428
157
133
151
405
33
486
430
344
46
245
8
19
318
352
381
326
69
328
210
320
29
137
69
72
427
286
144
137
7
377
462
256
368
225
201
399
358
408
6
280
284
103
126
391
364
325
375
207
477
329
276
497
162
226
300
90
133
51
484
384
312
323
285
50
218
333
283
195
66
349
126
367
273
100
392
138
34
259
417
484
484
92
204
175
436
113
443
39
497
326
195
49
235
230
316
452
63
142
80
456
87
342
186
206
40
215
51
89
90
337
338
273
236
431
349
330
144
227
269
168
447
181
239
248
60
443
157
280
135
400
276
379
453
24
424
374
144
99
398
414
400
6
442
278
299
422
446
466
328
167
371
377
337
37
260
156
53
201
339
483
493
360
406
363
315
443
359
77
339
218
482
497
335
353
142
175
24
191
357
191
191
334
94
297
413
316
255
299
124
437
262
100
16
380
199
468
403
389
104
277
5
479
362
314
66
59
190
219
70
382
61
123
391
92
303
452
96
76
327
454
192
107
121
302
20
224
477
180
394
285
152
311
32
122
421
129
461
50
328
334
281
350
58
413
154
490
438
183
481
293
475
266
100
415
323
78
455
190
230
471
304
188
448
419
312
22
314
120
413
299
66
27
224
181
107
438
391
74
321
193
82
66
342
243
343
94
463
209
490
134
411
435
230
466
222
426
164
44
396
244
199
468
469
246
308
208
395
232
50
198
117
57
262
261
294
108
123
438
11
319
87
311
389
37
14
413
465
34
404
159
164
148
446
95
154
344
241
31
78
339
206
396
416
96
133
67
111
262
175
217
376
497
178
247
414
198
431
228
6
24
326
348
414
455
289
444
442
252
199
24
132
466
327
22
99
415
90
21
133
15
17
252
369
378
305
103
229
96
177
312
448
319
16
482
216
1
167
34
295
74
445
157
170
197
66
451
31
129
16
419
170
266
290
129
24
106
35
476
202
1
434
326
157
284
450
270
481
66
286
384
244
28
188
330
203
60
89
229
12
178
63
46
314
419
1
304
443
362
451
379
283
285
176
412
354
105
127
453
308
25
262
496
370
117
278
346
249
123
228
45
496
498
220
339
280
73
372
367
242
262
321
380
67
251
326
65
25
356
93
466
348
301
320
366
336
386
120
310
167
107
271
85
98
94
196
478
97
168
267
134
134
368
313
437
430
72
213
403
393
209
118
440
94
436
331
248
38
156
72
268
223
459
356
174
62
385
412
69
79
239
188
429
213
140
438
391
76
350
425
302
49
206
136
287
361
131
459
184
159
270
321
148
276
162
370
94
370
6
208
392
283
63
280
193
484
499
228
82
382
3
281
362
147
457
76
418
115
39
22
479
323
264
347
94
417
212
139
136
358
28
260
498
408
86
253
387
157
36
128
447
45
420
432
19
87
148
165
34
365
492
116
62
401
158
246
41
36
431
455
156
372
396
6
389
242
293
285
472
302
493
64
185
411
57
305
309
64
455
318
203
311
7
487
100
219
226
49
453
90
428
364
13
327
293
311
372
280
86
200
308
378
77
107
402
171
500
202
459
28
215
109
264
61
359
96
97
243
145
435
310
447
396
80
313
430
56
114
411
484
120
20
189
445
344
180
385
157
324
314
439
439
432
480
415
1
476
79
408
412
426
299
399
492
469
160
488
37
460
313
359
108
220
320
471
272
395
21
435
264
399
168
430
423
60
30
354
281
290
241
105
380
45
322
412
1
15
149
125
246
53
125
362
345
179
181
53
292
272
352
293
86
127
304
61
235
33
195
492
357
427
271
7
91
36
351
423
320
171
237
183
315
187
463
56
286
22
178
101
425
444
262
303
434
472
97
253
421
168
295
133
261
369
292
184
93
373
429
420
108
440
269
472
411
458
257
342
432
160
239
449
62
282
482
3
47
315
396
39
348
415
401
258
462
121
241
425
32
169
317
372
240
137
323
65
284
317
225
352
143
111
176
239
290
57
359
281
414
383
128
149
103
465
300
213
267
323
190
376
427
169
278
265
48
246
395
126
137
162
55
178
153
142
361
173
276
88
199
288
328
484
416
400
323
464
10
332
93
490
203
64
227
485
376
181
166
73
429
218
12
274
204
408
349
136
370
344
472
24
413
29
313
62
123
348
493
214
111
65
130
154
223
15
209
399
439
238
426
338
155
52
251
191
80
45
251
422
53
188
405
287
131
457
263
177
381
480
260
7
99
231
96
334
139
157
199
61
291
357
63
282
208
125
345
117
162
130
42
145
8
474
483
106
170
365
367
173
113
230
348
16
68
308
42
414
187
484
450
323
67
105
496
400
300
292
463
186
464
109
286
479
368
128
138
211
170
61
234
20
471
125
414
246
278
448
111
403
471
41
45
155
394
388
163
458
248
108
11
230
130
405
385
481
1
246
378
93
48
424
442
313
7
298
187
13
57
239
488
227
138
256
105
462
382
334
233
134
279
431
298
177
239
449
256
169
358
456
239
186
376
186
447
59
469
308
64
428
178
445
246
391
86
191
196
269
259
409
164
372
221
387
68
473
389
265
202
440
33
222
385
183
267
460
242
373
346
378
61
463
315
483
140
199
407
264
457
72
136
288
53
311
210
209
208
157
113
141
308
59
476
430
485
425
467
323
304
285
115
198
359
173
202
241
183
12
475
200
385
20
36
481
109
70
415
351
211
1
33
430
277
229
192
116
409
428
343
377
277
474
49
105
217
210
125
35
487
488
111
20
415
83
370
235
371
488
244
254
36
420
98
60
124
439
108
485
91
235
137
479
469
377
344
224
69
10
424
4
347
143
426
432
456
464
475
377
236
161
267
122
60
243
484
348
14
366
347
59
168
444
416
486
2
223
30
347
218
30
31
94
216
57
332
479
326
127
261
7
250
161
425
246
16
106
157
100
63
207
299
445
475
255
277
42
126
394
140
443
186
357
122
21
419
215
109
447
327
161
37
228
44
145
315
118
479
403
247
106
354
326
432
246
499
296
269
91
46
239
188
291
161
381
490
369
373
498
252
43
360
452
50
362
184
366
93
259
121
374
395
257
266
402
383
389
133
396
324
108
432
250
231
375
256
353
408
346
29
14
259
437
261
159
22
191
285
177
1
39
116
442
171
497
284
379
79
15
474
349
470
160
379
378
320
41
286
303
272
414
135
345
112
499
495
318
199
265
8
221
48
41
349
304
388
283
165
180
178
8
299
260
218
65
391
65
491
198
403
326
126
67
276
59
459
72
397
438
496
498
262
407
381
10
7
282
45
20
77
275
78
221
24
421
209
107
490
137
223
500
58
94
74
434
180
198
318
258
273
200
116
395
100
358
167
290
327
461
370
73
65
10
284
94
115
19
283
418
219
257
35
250
82
81
368
192
352
394
12
166
226
208
65
493
295
341
490
45
126
427
12
340
116
128
52
480
372
407
322
321
244
170
132
79
213
288
269
219
483
73
443
84
454
138
371
492
344
127
105
61
417
145
181
480
492
378
208
136
29
48
479
291
468
12
183
98
298
432
408
274
473
43
202
147
234
22
132
410
363
490
455
358
387
310
436
479
481
332
478
399
208
214
151
121
475
308
356
411
498
100
74
426
405
141
492
146
175
435
385
452
469
363
180
319
363
175
148
322
386
359
483
145
372
240
196
6
195
385
131
474
14
351
155
212
212
236
18
73
4
18
33
395
86
439
367
359
469
302
228
70
444
439
89
464
56
368
187
172
189
425
55
248
469
21
51
336
426
440
409
217
394
465
391
104
145
399
12
155
197
407
433
156
307
280
382
455
354
469
23
107
69
470
10
178
191
83
17
243
370
422
70
198
260
87
13
119
352
339
165
485
412
37
429
55
404
218
367
184
8
217
169
213
481
153
7
20
433
140
4
194
279
297
46
159
291
232
183
207
388
182
1
486
58
490
225
36
218
46
332
498
455
101
246
326
483
128
145
199
81
88
162
290
176
382
470
104
360
424
485
279
229
166
147
78
40
8
252
484
70
99
255
471
382
144
205
53
239
211
325
53
271
463
110
114
100
385
80
434
430
275
466
480
277
427
315
335
268
458
85
35
151
195
17
348
291
315
430
477
5
107
122
228
121
409
426
118
253
278
430
77
203
73
385
83
85
302
214
391
25
170
100
355
171
280
334
462
97
367
173
221
103
124
149
86
425
103
248
376
180
178
341
90
201
164
410
295
458
107
451
441
177
7
160
98
223
282
108
405
162
195
304
148
279
469
328
347
280
14
248
48
98
275
67
188
351
372
281
156
256
242
101
435
398
212
180
169
104
472
354
346
449
187
475
398
167
371
355
405
24
30
389
229
242
410
234
448
123
345
357
103
114
410
20
96
278
142
73
330
128
441
279
45
358
332
369
237
491
249
485
340
299
82
72
254
277
261
177
53
34
89
463
349
251
348
236
170
15
87
308
259
427
176
147
356
116
103
10
171
204
233
313
299
391
186
475
254
230
144
197
433
110
76
468
67
203
286
152
327
14
498
162
147
463
356
