9912
33
56
49
460
156
408
290
126
184
224
312
290
362
282
362
110
165
298
179
256
331
288
298
166
372
485
283
494
476
110
399
169
109
399
105
262
73
287
291
495
200
469
493
84
245
444
111
115
93
297
273
420
481
294
214
256
150
384
236
199
357
312
327
128
303
463
24
76
347
354
96
101
475
418
224
285
93
226
360
195
129
237
199
366
2
430
53
42
122
21
16
357
229
255
411
417
425
327
211
301
438
281
128
143
391
196
480
318
198
424
328
1
219
333
428
19
355
169
304
246
17
221
407
48
17
220
367
410
398
361
203
299
65
397
265
16
124
9
491
135
476
70
312
16
408
339
74
302
499
358
44
69
383
319
319
110
69
193
81
81
496
275
227
444
301
439
208
81
165
114
198
375
120
157
342
481
63
361
215
109
249
435
250
191
2
179
251
101
416
449
37
83
122
65
332
280
350
407
453
157
310
222
102
217
444
307
244
16
189
46
338
340
4
146
1
229
456
306
341
342
147
5
206
242
243
490
377
152
3
93
486
175
350
48
138
358
265
346
466
171
190
398
63
403
203
132
482
135
353
143
351
330
500
192
395
477
443
9
355
458
297
280
368
229
331
165
379
398
338
215
456
479
283
366
379
485
376
381
364
204
417
387
23
29
222
344
86
377
269
353
284
294
401
460
40
223
322
216
70
99
186
160
396
297
479
492
258
162
34
298
83
11
141
274
300
36
6
196
465
217
233
394
136
107
321
445
111
36
449
348
341
328
61
342
481
192
113
56
471
205
377
101
50
109
437
265
284
72
139
48
468
395
65
5
298
137
116
163
99
426
338
417
87
454
309
27
177
136
116
266
145
427
328
379
233
358
95
467
197
134
101
242
123
6
309
392
214
1
132
17
132
229
367
325
45
441
37
364
130
321
213
488
116
301
417
132
306
202
155
9
75
205
323
488
83
163
455
402
96
419
429
407
148
222
18
494
164
444
304
141
155
206
368
99
470
1
354
435
262
227
121
23
30
348
340
204
390
84
424
359
425
326
321
22
202
253
477
59
457
99
166
176
449
245
232
280
1
198
365
389
204
358
320
423
158
19
145
87
487
162
261
384
93
134
385
193
217
10
7
149
125
3
109
224
100
51
426
200
335
366
194
86
450
28
290
270
24
231
62
201
452
265
382
430
5
4
20
487
443
172
344
364
166
40
309
185
173
60
144
377
373
237
469
492
479
165
49
19
390
58
336
65
44
73
437
481
283
465
309
230
375
44
411
51
494
285
356
490
28
42
435
283
34
280
398
82
119
336
124
235
303
343
13
47
280
92
21
27
144
133
483
397
396
405
342
87
273
500
288
8
328
263
435
455
30
497
445
391
391
339
30
151
95
166
299
54
354
225
236
422
22
14
223
97
458
473
102
35
218
178
176
172
430
20
117
1
253
403
205
422
486
62
476
388
451
350
148
21
368
416
76
278
212
401
284
489
370
89
423
394
12
483
149
421
165
315
248
411
435
470
189
21
348
392
477
474
481
383
67
499
401
361
115
242
425
269
175
425
228
500
367
383
325
437
106
280
89
465
477
267
179
302
140
304
206
136
374
58
289
500
492
452
171
326
406
465
471
307
42
197
442
490
36
255
115
68
163
314
306
487
58
290
247
24
293
212
397
350
444
301
40
123
182
312
262
464
263
398
82
434
97
443
14
348
480
78
278
337
365
384
62
455
38
253
496
294
193
106
14
38
449
426
37
410
466
86
129
93
404
269
120
151
143
299
481
301
155
229
34
19
370
103
231
106
311
455
311
270
133
449
47
154
485
491
347
412
407
220
150
406
300
73
292
322
375
411
109
385
150
417
151
125
329
495
351
415
487
250
426
24
235
273
340
277
346
191
465
380
220
7
327
253
267
27
470
111
188
290
383
231
291
270
84
375
9
247
137
31
40
308
366
192
29
36
17
485
270
140
348
223
294
260
34
326
154
159
347
131
298
322
405
390
99
215
369
473
80
419
105
426
469
341
239
100
236
453
75
270
51
291
115
422
70
307
25
121
141
446
286
296
196
132
355
468
110
392
213
475
188
387
277
383
15
37
240
319
296
341
352
139
413
103
465
274
132
482
484
464
351
331
69
143
129
95
430
147
226
420
329
205
71
142
420
96
124
337
481
474
197
226
225
107
371
460
84
37
328
320
26
160
240
309
181
495
30
361
200
269
131
421
113
329
466
212
213
450
220
364
139
330
234
27
383
228
18
5
427
435
161
41
163
362
152
156
255
217
239
120
216
488
372
156
214
37
198
252
323
187
4
426
110
382
4
473
273
220
3
54
156
19
166
347
299
347
313
209
499
81
217
239
60
324
345
476
276
41
361
367
349
493
83
118
22
171
271
453
30
373
177
405
363
160
391
96
61
238
385
192
164
56
106
150
251
420
375
123
371
476
239
468
91
85
117
391
306
271
22
419
92
132
221
323
457
481
252
68
148
496
208
473
265
397
15
109
214
368
85
39
265
110
274
391
138
274
18
351
83
277
229
403
398
432
244
378
321
110
87
53
469
420
256
181
127
15
394
343
138
453
149
406
133
310
298
138
418
3
414
413
491
242
159
78
287
96
446
184
105
84
261
35
420
313
271
417
493
10
494
489
130
227
278
43
18
259
120
188
365
113
316
127
387
323
67
179
283
208
51
128
454
389
151
82
113
346
183
271
19
177
277
13
189
110
186
14
391
180
454
270
247
4
375
297
264
465
39
262
154
266
442
328
67
297
54
320
353
317
397
282
247
4
464
55
443
396
335
359
373
116
205
283
152
347
383
310
349
146
156
102
125
78
149
475
364
252
115
487
251
282
210
285
283
266
427
9
444
171
379
386
392
237
110
10
129
359
353
210
55
356
167
33
191
123
409
357
412
163
462
169
73
431
396
376
482
383
246
482
95
234
394
435
194
304
472
227
316
86
431
387
119
192
447
474
245
441
95
180
392
160
134
153
139
45
106
322
280
362
73
377
71
246
280
270
283
197
181
133
356
427
66
76
201
89
110
341
182
175
239
97
91
348
389
82
493
394
50
298
50
116
125
324
428
259
184
11
376
128
231
461
52
486
322
431
211
319
143
462
207
55
309
2
315
277
487
204
312
475
350
410
48
389
421
313
394
297
262
412
338
95
23
62
241
286
193
94
1
473
94
409
468
420
26
194
126
429
484
130
442
11
169
2
432
466
350
274
75
358
188
308
22
481
478
142
92
239
156
272
4
442
394
117
274
188
294
7
252
481
255
299
198
460
334
465
179
51
22
131
180
336
190
77
360
249
342
282
344
66
268
439
396
100
33
200
423
401
482
240
162
99
265
194
364
185
87
221
496
193
6
423
218
49
226
317
333
309
380
175
295
274
402
440
400
467
230
379
179
318
341
282
18
208
195
255
340
243
12
24
125
399
243
347
1
435
431
216
256
485
319
249
17
239
93
188
196
153
357
135
433
324
220
19
378
54
251
295
221
278
353
368
485
23
385
186
447
430
293
450
57
185
312
269
456
93
21
70
120
156
349
147
184
207
143
497
269
304
184
324
441
64
320
66
195
147
424
349
118
458
248
287
179
218
34
140
418
404
477
59
338
287
124
229
389
439
130
427
122
390
174
29
242
351
12
227
444
488
250
431
333
473
224
97
128
371
108
277
38
378
55
344
444
47
368
152
350
9
482
112
142
232
41
173
151
71
424
221
320
439
199
143
473
255
422
241
435
459
199
103
107
431
149
281
277
19
309
298
313
379
301
97
437
452
413
278
245
75
177
208
241
400
37
48
437
437
227
384
483
216
108
120
122
213
333
253
319
215
353
113
201
479
304
102
466
53
101
476
290
465
72
47
6
125
480
30
177
277
213
489
250
183
461
396
43
363
451
444
40
406
382
379
312
482
315
189
471
253
228
291
10
123
451
449
137
279
18
269
426
430
438
400
331
137
332
239
92
366
38
246
270
245
252
369
294
252
112
223
426
386
112
403
122
25
122
233
316
253
128
257
143
90
414
145
113
8
302
148
178
96
216
86
384
216
118
96
300
386
125
415
500
68
148
206
365
316
281
60
349
353
191
7
296
54
375
55
371
61
10
304
337
370
445
441
399
201
320
476
189
54
93
106
86
26
378
428
38
29
306
238
67
163
420
456
190
191
346
44
7
154
158
377
258
385
453
33
28
470
324
103
230
293
89
456
342
223
198
261
439
217
239
307
60
423
39
246
403
148
287
252
172
410
298
359
146
254
103
452
152
141
142
495
418
178
32
13
9
35
7
287
41
125
8
328
357
412
7
52
148
148
410
448
28
407
486
209
55
241
484
204
279
357
207
303
282
245
486
63
466
174
332
313
313
479
485
356
143
372
191
191
155
404
53
148
164
244
315
93
236
87
88
178
136
354
225
172
80
419
321
69
38
94
453
362
360
263
409
92
125
473
27
154
79
298
210
296
252
49
494
392
144
250
380
65
490
107
40
72
99
275
264
297
408
165
265
407
168
454
48
343
89
459
327
194
149
288
364
432
60
453
128
287
230
217
471
439
65
98
152
13
477
87
351
144
117
93
322
105
70
14
320
496
425
256
271
57
157
246
165
215
433
205
441
198
478
455
292
346
444
445
269
124
156
60
151
424
185
233
420
260
441
18
80
25
287
10
235
100
388
327
258
417
55
38
348
50
79
421
203
1
135
432
123
119
338
491
172
135
420
233
355
76
450
368
210
321
484
240
44
298
378
276
85
5
362
114
414
251
106
277
303
478
297
37
374
482
393
268
120
475
102
374
242
290
251
162
151
370
244
6
381
100
434
464
425
3
118
496
7
291
288
333
80
159
468
480
423
40
364
179
492
225
494
459
167
39
223
355
314
335
349
245
117
351
429
55
36
461
133
60
62
417
150
149
445
185
345
11
171
459
209
480
401
393
97
128
434
240
167
467
446
197
24
163
147
81
360
309
139
67
410
170
173
388
40
182
444
461
32
220
347
307
354
371
349
341
40
29
371
399
359
356
209
215
473
71
182
298
448
337
408
233
273
474
161
427
133
246
388
341
131
18
201
190
299
82
148
191
237
397
90
424
16
229
322
316
395
73
252
284
31
226
262
63
292
495
318
125
88
454
132
123
200
196
342
373
337
300
391
38
456
75
218
335
285
458
138
170
112
14
444
80
450
336
498
302
22
292
276
303
396
494
357
98
442
226
174
106
396
51
482
33
465
117
498
455
3
79
1
317
335
247
387
25
432
477
334
72
142
134
102
287
436
325
107
202
211
18
241
24
490
498
314
484
290
66
474
21
437
11
152
297
248
373
423
80
258
369
432
480
12
337
90
104
432
104
426
366
87
337
167
222
130
294
53
57
21
277
481
470
290
196
102
472
254
470
297
197
76
383
239
45
340
402
183
460
464
159
375
481
442
263
290
8
29
257
115
228
116
162
37
28
457
89
11
199
250
321
187
406
4
293
439
66
36
435
224
94
46
395
279
254
189
121
366
271
435
63
411
103
476
325
23
434
168
381
296
327
129
500
331
334
436
272
24
408
272
104
171
425
191
486
116
200
335
107
353
72
171
332
423
71
401
291
110
312
38
339
252
450
487
233
156
93
356
166
75
150
229
294
143
14
390
437
359
423
94
373
193
238
472
296
170
428
273
360
162
356
208
107
51
34
105
230
29
220
160
13
37
340
215
336
77
46
282
212
172
103
424
463
178
111
352
373
164
482
184
364
186
233
436
376
201
51
59
20
173
50
22
274
208
370
210
241
477
196
191
273
234
276
492
202
191
334
333
396
13
373
120
54
315
268
396
481
43
151
211
488
88
111
186
314
226
348
26
89
168
346
460
291
328
249
492
270
119
462
131
489
431
410
253
123
470
2
145
234
178
497
443
157
81
120
318
317
361
66
491
206
432
499
223
313
443
184
429
75
151
408
362
307
424
444
98
376
443
333
382
72
30
255
75
435
462
43
495
34
379
140
205
415
51
500
320
316
453
414
461
426
128
23
73
485
158
428
256
408
405
86
291
120
51
193
48
147
37
224
228
491
345
198
115
92
108
129
374
41
371
287
197
153
283
446
302
355
274
308
158
138
221
55
117
135
489
214
420
444
171
452
122
211
171
361
307
152
30
184
482
48
84
234
60
14
37
93
231
207
191
178
261
463
62
272
222
477
422
315
399
351
386
191
188
16
271
348
314
41
258
178
225
20
152
431
354
233
484
477
62
395
410
136
7
499
216
487
300
299
432
89
89
359
437
155
452
390
83
212
57
182
421
164
276
118
110
462
346
29
322
338
43
435
473
482
234
494
55
104
410
321
376
395
478
429
151
276
472
229
22
490
296
354
214
166
408
175
264
427
297
425
8
15
5
69
301
342
185
179
238
282
10
416
115
55
81
119
248
198
258
187
348
97
35
317
333
277
425
495
166
424
348
490
80
376
275
309
500
166
99
57
137
216
89
243
299
36
151
258
259
4
263
449
154
246
159
141
419
24
365
110
264
318
5
343
264
415
449
355
347
118
36
290
208
223
332
391
340
190
164
81
124
44
88
369
220
419
401
215
117
488
68
113
227
341
75
120
40
326
417
107
338
7
394
297
241
97
111
420
182
411
427
313
255
199
310
494
500
18
394
392
321
362
205
341
361
348
383
223
220
222
414
280
470
159
109
176
21
405
424
408
329
178
420
177
369
360
248
396
213
457
140
332
72
211
460
163
58
464
298
442
453
112
154
314
327
103
424
323
71
418
188
230
186
487
272
309
230
136
112
351
247
5
426
398
496
480
267
198
362
277
284
52
438
98
226
290
98
172
13
407
213
85
145
331
30
293
136
150
460
36
210
460
141
451
87
3
455
458
407
443
17
223
27
157
447
145
437
305
108
351
66
296
35
473
71
263
7
173
421
431
86
243
162
352
146
288
488
35
360
28
402
469
457
51
201
126
133
107
261
473
135
385
39
371
409
125
58
355
128
406
102
500
371
101
459
229
173
496
422
313
217
262
383
411
277
245
470
241
213
384
165
498
261
75
319
87
233
392
458
98
277
346
190
384
79
299
277
180
37
329
100
33
154
141
383
289
339
181
463
279
145
328
456
144
311
309
211
129
91
469
408
180
450
71
493
121
443
368
450
299
167
156
228
487
109
125
233
235
463
57
270
337
344
238
133
448
373
264
270
231
5
196
268
348
41
366
338
425
475
75
140
67
161
288
177
237
246
146
134
284
395
15
480
357
425
410
165
413
351
476
312
133
292
233
127
261
229
481
32
98
212
426
62
330
127
458
381
111
398
472
456
328
56
457
432
179
428
268
191
456
370
399
42
106
301
311
222
187
218
53
348
43
489
81
253
68
268
342
242
341
65
136
275
185
98
456
305
494
492
379
288
338
183
355
196
200
123
46
160
384
477
403
433
364
128
166
203
35
347
339
449
470
434
280
394
421
121
331
331
411
222
440
103
123
232
124
377
163
136
297
96
67
389
16
449
383
474
16
124
419
341
487
97
206
316
471
368
372
381
54
426
226
120
234
307
207
152
168
346
146
92
302
298
44
251
41
72
299
203
199
174
381
443
458
176
301
114
272
428
110
279
232
125
33
397
238
194
137
288
125
216
406
29
27
364
366
389
500
329
253
9
181
184
363
220
423
466
101
445
312
429
479
50
317
410
105
285
481
300
62
392
487
429
196
361
390
342
39
275
380
497
110
343
270
269
178
102
224
133
341
159
36
133
279
322
238
183
261
457
124
45
321
181
273
90
97
258
429
440
455
428
108
121
176
310
101
318
393
111
410
452
139
267
23
394
226
196
473
192
17
325
64
420
418
90
355
408
33
38
86
92
84
382
239
134
214
417
245
337
288
285
16
318
253
80
441
475
109
282
305
358
72
246
318
25
10
151
375
409
254
338
451
8
146
225
238
35
441
434
329
403
58
313
390
119
104
365
277
10
119
337
225
49
448
109
467
110
410
500
112
374
279
210
419
93
128
463
379
444
77
149
344
295
303
203
383
450
331
137
159
250
488
339
63
372
197
9
257
478
397
253
6
15
293
212
105
29
189
166
80
270
355
132
326
463
177
248
400
277
290
310
412
304
173
487
32
363
381
399
185
29
436
465
190
436
216
137
29
203
260
391
93
358
250
371
394
106
442
224
251
320
263
172
68
496
455
101
165
2
148
144
297
358
199
71
260
126
156
173
498
257
57
120
477
281
383
377
2
336
116
80
2
98
284
38
382
162
420
342
349
349
258
8
13
234
212
389
68
477
134
280
279
300
74
217
419
422
142
191
98
312
210
100
400
286
232
430
434
182
492
262
33
93
192
453
495
97
386
347
163
216
33
363
183
161
285
354
185
145
212
284
362
310
252
466
450
217
251
157
19
250
397
243
97
349
92
173
338
302
296
227
155
58
178
442
152
157
61
272
424
41
306
406
381
162
11
309
170
332
398
68
159
22
59
340
346
10
317
3
91
228
223
86
400
213
203
404
146
450
382
88
176
466
87
300
266
124
19
218
261
156
56
161
239
66
452
429
97
256
33
449
432
432
315
48
204
67
470
255
70
97
31
19
61
87
207
147
224
275
215
262
377
239
323
488
467
490
310
59
156
105
3
436
228
422
291
435
191
126
447
66
246
19
477
381
245
250
196
429
150
263
212
234
81
173
250
286
263
282
83
117
456
315
67
27
412
394
202
468
76
301
431
109
24
371
354
386
377
223
277
296
265
135
441
451
239
63
413
399
311
125
360
63
382
318
380
222
257
481
424
415
436
450
181
324
255
106
156
360
180
312
495
459
45
176
160
355
427
86
332
328
310
121
178
426
53
106
311
496
337
211
217
339
398
150
325
378
458
499
487
134
341
40
263
53
403
164
89
283
282
98
47
373
36
272
165
302
97
481
393
257
65
165
237
206
452
230
66
334
311
300
239
216
190
336
147
380
20
364
417
289
400
269
464
483
56
252
377
431
444
168
61
345
126
354
389
234
483
420
9
27
74
434
289
81
497
494
304
23
260
171
437
379
303
133
254
253
499
189
186
148
251
324
429
490
92
241
1
211
429
27
108
74
382
186
367
145
351
62
190
320
46
46
443
229
126
77
324
489
71
57
311
130
135
282
199
431
174
227
263
306
61
343
191
318
171
31
246
206
259
491
75
74
85
410
122
264
419
228
12
472
46
467
450
458
393
406
311
410
407
123
482
214
287
389
255
31
154
283
17
19
278
499
54
287
202
462
167
437
87
465
213
191
288
109
81
486
113
311
237
145
47
470
289
50
478
124
54
16
229
360
112
33
347
345
266
482
450
460
400
125
210
130
356
48
278
385
156
106
401
188
66
273
202
460
139
332
466
139
207
324
299
279
11
487
441
125
74
38
164
350
233
389
67
414
382
422
360
377
188
74
271
142
219
31
378
319
20
195
61
390
162
54
173
454
49
34
163
433
238
60
330
215
290
335
439
165
160
331
63
30
90
391
239
163
212
52
129
21
283
77
335
307
243
227
175
159
269
274
249
276
37
300
362
243
225
19
279
260
360
186
62
386
478
181
340
249
127
252
500
479
283
196
457
107
324
147
130
373
467
467
329
217
167
389
45
351
481
417
459
427
430
268
60
444
323
134
352
53
178
337
383
128
431
449
202
382
148
73
265
345
118
39
227
395
308
62
224
160
170
126
95
248
426
127
457
306
314
361
163
51
89
247
436
237
478
363
291
399
146
295
128
30
434
282
342
360
67
81
35
338
362
333
205
256
259
495
270
66
379
427
370
24
337
55
235
480
388
241
274
484
428
308
474
314
150
282
58
338
107
362
302
427
339
362
45
391
257
25
329
160
383
371
389
102
384
445
93
388
48
188
117
193
390
250
136
419
473
422
183
314
135
226
488
152
325
390
24
169
244
421
176
451
382
355
185
158
78
101
102
186
316
477
250
17
231
142
404
138
466
216
465
466
39
164
174
82
133
450
267
397
18
2
168
184
292
401
412
352
248
387
274
344
266
4
417
467
197
483
161
11
483
381
213
278
356
374
50
351
37
280
424
444
403
294
282
221
477
232
381
427
143
282
433
215
27
486
211
183
23
119
194
280
482
40
212
76
238
151
452
399
23
133
208
438
497
162
153
332
285
406
31
394
130
279
207
472
271
283
413
304
478
481
271
372
483
17
145
4
373
487
220
178
462
390
155
165
345
147
6
483
408
201
467
348
455
21
433
249
317
347
219
178
235
232
14
50
382
418
285
464
279
67
412
339
260
60
339
470
273
112
187
244
408
464
128
64
62
353
134
440
150
328
132
425
276
193
235
33
352
309
165
191
68
430
349
469
166
36
59
66
98
100
351
407
96
405
244
83
327
338
483
299
478
145
92
497
479
222
10
189
203
149
319
299
149
234
359
41
498
149
256
442
123
20
214
466
159
372
278
201
154
192
496
347
220
30
278
393
130
20
121
160
37
35
188
378
123
70
329
280
430
462
223
281
187
184
31
238
345
34
233
322
332
255
188
198
56
258
266
49
311
284
63
432
148
477
336
37
372
371
9
431
476
239
189
365
366
419
326
400
24
234
461
426
305
430
431
158
498
296
268
243
366
287
56
444
112
399
42
256
361
29
169
400
369
428
500
71
240
177
309
400
39
176
107
231
328
62
58
375
174
123
325
440
398
226
200
157
206
123
17
13
200
320
450
225
262
346
84
312
38
87
354
40
299
201
349
408
432
246
103
235
497
274
365
267
162
66
418
428
266
265
407
476
441
104
71
275
76
425
284
266
168
3
173
340
192
386
277
264
198
131
354
199
416
145
498
380
499
243
232
96
281
375
498
5
80
328
49
117
116
389
470
127
208
154
379
351
438
251
184
277
228
440
438
131
359
176
180
368
317
233
371
357
53
302
22
277
209
63
209
358
308
177
245
83
145
48
146
79
282
398
339
200
476
31
419
209
245
390
224
293
261
498
460
280
87
93
69
483
454
23
262
35
72
193
415
83
281
282
310
227
354
383
8
89
467
118
304
446
370
272
185
448
248
158
229
56
190
343
145
465
136
68
210
12
473
379
221
328
331
24
459
236
397
74
120
172
296
454
334
397
47
88
412
90
81
411
25
422
48
380
303
371
400
10
144
465
208
300
494
451
439
56
164
127
60
67
126
175
203
461
371
170
157
121
4
146
49
163
362
264
132
199
106
446
460
89
9
300
302
140
10
355
383
328
94
305
32
66
63
146
475
458
366
496
272
227
136
406
438
225
209
139
99
485
248
96
153
399
178
20
294
166
277
303
450
90
500
109
482
109
408
374
257
341
392
381
232
242
390
428
61
224
131
490
283
173
77
382
368
239
106
126
96
164
357
212
462
45
172
452
23
436
61
300
405
151
1
356
61
134
383
33
312
402
39
251
221
374
294
157
23
342
386
300
109
127
354
485
482
13
318
300
331
437
192
459
436
200
204
409
201
107
283
377
132
93
14
364
480
287
29
332
53
399
421
322
464
27
288
117
169
272
370
118
492
114
25
342
292
499
210
187
103
137
495
384
103
433
214
134
280
139
45
341
287
126
27
63
409
13
43
256
46
146
412
406
240
396
301
443
131
336
30
201
211
199
186
393
4
129
374
369
109
350
48
124
461
241
118
222
151
423
164
110
339
205
50
383
499
346
385
218
60
233
79
187
223
149
386
366
472
202
345
351
135
84
55
320
245
179
444
475
142
483
381
325
351
33
345
37
335
338
297
367
166
317
5
14
128
474
16
49
277
258
294
162
136
171
46
286
312
111
104
49
297
327
18
369
114
22
251
375
191
369
32
48
81
147
103
6
274
335
497
134
260
125
491
110
87
90
214
448
219
296
47
340
44
338
175
318
415
272
14
128
391
429
382
215
19
139
385
465
140
486
268
263
319
365
178
189
460
447
15
418
67
407
313
131
417
70
46
442
112
310
372
75
56
289
471
360
202
83
223
494
165
344
27
412
464
498
14
277
249
418
439
139
352
181
464
102
155
428
425
346
25
341
270
283
232
395
293
89
486
209
102
183
260
391
280
85
426
482
12
123
308
456
311
318
442
212
165
305
65
196
321
232
157
83
347
163
142
486
7
105
208
298
117
79
445
178
37
333
56
367
19
186
434
173
462
382
448
7
402
198
21
479
294
274
382
59
42
248
411
449
406
332
337
485
135
349
396
388
24
252
467
130
359
348
289
313
347
339
238
203
460
8
140
113
163
461
12
239
420
391
231
193
432
228
329
112
466
227
453
133
446
114
124
136
148
27
422
322
360
57
118
237
313
233
291
446
169
323
7
267
426
3
332
420
135
235
334
493
149
23
309
99
329
210
302
108
10
78
435
499
498
303
279
494
456
481
385
458
280
310
474
445
231
98
489
273
361
354
430
133
44
240
420
498
272
197
53
195
270
33
359
468
249
204
44
76
394
105
299
203
148
227
310
60
81
33
96
363
314
323
372
460
337
466
445
13
414
410
189
19
31
157
500
345
277
159
213
60
25
324
15
36
473
126
150
33
90
483
86
12
152
348
485
417
19
405
292
497
429
80
471
118
257
38
174
108
96
475
121
23
276
238
361
207
75
165
39
211
5
284
496
448
131
46
350
279
335
133
453
262
422
42
360
482
24
286
165
301
296
256
144
8
446
227
370
9
200
263
160
237
88
85
4
263
76
206
351
358
38
12
333
428
332
423
213
467
109
499
72
407
485
474
328
412
176
110
423
472
469
332
304
273
308
283
329
165
344
398
345
240
105
241
114
400
424
279
437
380
118
247
300
311
106
251
197
350
180
246
301
193
38
453
463
253
235
17
302
130
143
150
198
115
33
2
346
39
21
269
474
211
356
113
210
69
398
324
143
394
256
316
159
229
156
367
9
189
60
35
84
407
446
463
230
422
468
5
137
184
112
443
162
299
375
185
29
316
244
167
146
160
240
236
493
9
137
236
43
342
359
126
411
367
462
23
380
129
38
237
51
112
317
218
316
302
156
179
308
236
124
290
19
125
411
95
453
451
493
428
123
101
200
284
366
148
333
486
49
258
100
102
390
82
37
10
490
29
429
40
51
249
219
443
308
355
325
218
401
16
211
438
214
293
350
25
391
56
481
476
245
133
67
132
483
153
426
146
208
268
116
11
334
10
123
82
270
405
148
236
288
356
174
480
52
74
19
497
358
131
46
262
185
426
5
436
235
80
413
91
133
198
388
313
331
159
420
152
10
411
120
241
389
386
368
269
31
244
6
1
242
84
131
145
61
323
41
34
407
295
44
255
321
279
124
200
129
241
418
357
265
160
175
67
303
387
269
176
158
187
247
2
93
127
218
69
289
165
17
226
368
150
254
335
442
11
285
90
469
157
78
108
315
81
192
492
358
84
121
253
329
157
48
246
402
301
249
80
303
194
472
328
389
170
117
104
335
93
414
145
414
20
142
481
378
204
85
203
24
429
150
320
257
196
163
471
316
333
463
379
190
499
443
359
49
101
475
324
167
265
282
476
32
325
174
273
171
477
333
298
231
182
148
131
269
19
235
162
71
114
33
453
365
153
78
326
150
428
151
390
140
332
391
417
378
18
291
26
11
94
367
99
261
19
241
291
130
402
90
2
213
52
390
222
57
193
448
84
291
392
194
181
346
414
351
125
366
44
424
143
33
290
259
440
79
249
387
129
395
374
158
349
180
372
392
475
257
374
102
115
205
154
170
134
248
472
397
77
454
403
83
84
229
141
94
400
393
389
290
38
67
480
17
176
413
383
12
168
95
414
104
358
360
434
270
301
255
478
155
457
69
89
368
428
179
216
448
75
426
317
146
288
361
97
126
292
12
121
165
471
102
173
41
150
340
10
7
195
427
444
177
283
390
466
345
238
482
445
143
384
265
264
385
206
121
349
371
415
448
35
460
9
182
418
482
273
484
492
484
222
368
144
399
66
465
3
382
354
455
189
468
242
15
69
302
247
78
358
229
334
30
240
242
395
285
186
472
3
204
201
415
178
31
80
419
425
155
319
52
48
131
157
410
322
239
151
241
3
425
253
342
37
468
173
310
241
166
330
94
271
3
498
268
199
373
282
170
81
352
442
455
429
268
318
325
185
446
136
220
239
466
78
76
337
474
434
435
358
428
489
195
328
227
22
71
375
3
456
324
314
177
392
196
399
366
443
300
215
37
430
377
228
129
39
394
422
189
49
424
336
87
396
499
415
385
72
289
287
235
83
446
44
255
260
376
106
171
291
252
184
92
476
87
164
371
453
396
21
374
259
211
55
221
45
365
335
358
64
123
389
400
469
55
18
60
303
351
61
146
458
481
298
35
464
436
222
403
18
369
3
81
338
380
489
373
136
385
80
45
260
140
386
468
255
436
109
134
49
12
412
258
245
37
275
215
161
285
456
239
396
203
57
160
500
12
227
18
20
265
116
124
470
348
118
175
387
79
69
124
289
137
46
281
91
164
60
203
288
464
409
320
424
35
116
234
481
241
133
174
325
57
320
347
100
50
450
39
262
44
337
28
244
124
469
272
28
453
379
34
248
48
447
304
309
333
13
294
180
22
61
274
34
493
428
194
303
126
489
427
118
66
168
500
53
290
482
304
33
312
128
331
7
156
174
327
115
341
286
274
497
14
420
153
263
48
280
125
191
111
300
420
86
441
133
288
197
413
210
434
305
97
411
406
297
132
156
254
359
379
277
487
394
474
220
349
197
427
258
151
435
85
315
211
303
248
450
12
365
114
293
362
314
368
425
237
430
500
185
234
396
106
17
490
272
241
54
126
467
403
427
254
314
109
250
363
111
342
304
89
457
180
228
364
123
445
248
293
100
402
207
157
50
397
348
156
44
352
452
17
253
355
345
61
499
74
19
193
493
16
330
54
205
274
39
415
105
49
209
368
499
8
42
332
248
226
41
33
350
42
292
134
282
315
103
431
41
159
161
35
126
313
475
198
200
255
249
429
245
428
82
484
104
439
256
467
16
431
330
63
432
499
474
143
418
430
86
259
1
172
13
271
27
53
409
144
360
331
249
25
43
101
82
233
30
277
500
376
340
381
370
58
323
277
155
307
326
248
41
405
125
359
184
184
186
264
191
175
363
315
436
61
323
206
412
248
125
280
123
233
134
96
192
175
110
312
1
173
324
151
433
34
340
373
358
1
456
207
93
294
68
441
115
135
172
228
109
426
193
415
36
457
8
252
309
64
297
486
415
337
187
54
182
124
25
470
25
235
136
231
117
109
365
15
500
455
340
89
325
195
70
383
92
312
123
238
238
304
377
386
120
385
317
213
390
203
337
46
138
205
493
343
119
237
77
117
405
314
362
66
91
277
440
87
2
41
232
117
176
333
299
407
428
241
201
268
43
297
436
272
489
346
346
19
278
5
114
88
196
438
52
88
105
299
482
484
245
163
342
241
189
364
3
166
229
452
209
313
193
318
149
419
444
28
10
162
58
75
215
212
337
357
292
138
84
119
213
6
387
395
186
93
110
113
495
394
267
395
11
96
381
463
445
95
469
326
429
489
458
343
212
156
328
475
76
31
450
444
122
177
419
278
190
262
369
247
486
108
290
200
485
427
414
305
443
300
162
96
287
451
388
24
254
123
401
47
100
309
121
325
155
425
220
213
84
144
94
382
293
236
381
156
17
108
494
92
107
75
131
489
178
198
92
60
485
359
227
243
481
142
270
369
216
482
30
57
488
157
189
110
469
304
116
1
493
475
120
469
45
192
62
311
317
444
444
413
155
475
405
497
426
478
72
99
112
421
111
52
346
293
184
339
21
228
495
98
171
455
357
401
360
40
472
265
159
463
226
344
167
448
335
361
205
312
316
313
152
222
138
107
33
375
464
334
326
448
182
239
334
368
162
499
19
362
472
439
229
141
386
183
302
52
8
62
204
200
465
278
344
81
356
185
321
136
239
497
256
369
156
215
316
406
465
457
452
38
414
289
475
476
162
149
379
334
224
31
208
239
288
199
471
80
129
262
422
476
311
103
430
157
361
276
216
49
119
211
436
290
67
238
425
109
250
9
332
14
110
12
115
76
349
233
485
17
172
104
123
280
430
394
383
274
299
149
50
173
50
485
303
476
468
229
288
232
227
36
290
372
207
330
5
115
416
211
446
398
34
499
50
383
290
226
475
280
366
299
326
55
181
496
313
19
20
448
259
336
327
246
398
81
139
265
239
497
341
206
95
30
298
258
325
180
293
232
168
47
423
376
180
106
340
439
43
85
274
120
11
268
265
127
392
466
351
175
144
443
231
244
110
96
255
374
67
358
25
2
302
124
387
184
45
344
221
237
302
125
497
51
227
90
43
129
252
180
408
104
338
284
15
394
435
226
241
279
290
333
282
154
429
333
22
143
463
397
211
151
31
385
231
139
423
357
53
361
198
183
228
473
121
33
135
208
208
367
267
311
476
186
106
64
97
76
180
306
22
7
283
433
51
378
483
148
264
131
386
284
116
436
299
246
164
398
88
214
469
393
300
64
464
401
280
258
488
431
415
405
107
114
171
36
341
133
43
452
192
25
92
299
201
415
394
298
239
440
121
167
316
380
412
8
206
424
393
145
468
275
410
251
137
22
292
310
490
53
104
73
341
171
408
82
444
32
125
436
438
216
193
475
475
67
480
324
473
497
29
196
47
84
415
95
114
228
475
379
177
142
19
97
383
144
69
441
315
264
122
348
67
405
110
441
448
14
352
85
299
245
253
71
427
116
205
385
184
424
221
329
344
166
169
290
67
103
416
310
176
368
216
110
115
108
37
242
116
152
297
14
167
33
153
75
183
102
415
336
340
26
378
370
322
129
253
467
483
346
133
265
253
295
72
78
127
478
214
406
117
244
500
164
48
352
429
74
462
200
441
435
87
387
68
20
410
120
48
176
475
4
284
337
284
409
206
289
474
242
129
493
37
424
37
10
130
201
89
105
93
52
105
99
60
336
325
168
383
462
381
301
416
453
231
476
263
88
5
12
185
41
102
266
59
167
73
239
158
24
385
191
147
298
238
386
268
433
99
270
135
324
382
158
96
170
56
254
336
359
115
168
110
252
240
486
198
487
199
34
315
207
154
350
266
207
270
271
272
202
406
293
17
404
129
367
255
215
234
490
71
260
272
293
184
175
195
87
385
315
150
70
76
491
370
495
390
117
148
23
208
468
16
211
413
329
123
62
287
315
423
160
36
134
200
3
460
150
311
280
48
51
51
354
168
491
9
90
405
395
380
422
122
46
108
354
216
113
241
15
52
344
169
190
346
481
180
247
41
86
177
286
445
206
285
440
306
479
198
47
475
398
361
431
155
273
424
129
409
410
163
490
252
251
12
387
283
403
59
275
150
102
129
63
415
426
333
272
58
372
374
145
170
310
252
189
14
497
249
35
478
343
488
168
456
433
160
157
151
333
103
390
139
443
247
19
497
112
205
376
342
169
326
270
416
484
449
179
124
115
41
194
209
443
138
490
106
406
466
81
363
157
90
454
298
93
94
2
238
396
112
342
373
48
156
40
94
438
72
162
128
140
37
74
344
416
258
314
260
263
209
325
478
377
312
411
425
261
152
293
240
320
418
156
122
413
233
271
176
288
410
418
378
298
421
358
305
106
336
475
161
401
174
388
179
145
217
376
221
485
345
167
373
406
137
367
286
233
45
479
444
331
259
494
230
383
175
80
277
311
431
448
483
136
15
161
359
445
285
189
385
359
254
44
80
214
375
164
230
166
173
91
312
34
162
322
484
346
187
190
244
476
50
31
387
154
487
122
201
17
355
71
125
452
161
310
11
387
108
317
440
458
173
497
251
284
345
384
280
399
68
106
105
231
347
411
46
367
222
433
190
411
133
342
327
424
85
323
182
352
23
396
51
138
401
437
305
247
77
496
327
351
498
42
210
387
213
410
195
459
344
285
99
17
66
171
392
190
257
313
466
389
306
58
69
242
362
311
455
192
454
465
274
313
290
209
221
189
96
255
410
164
251
441
117
4
417
489
1
59
420
482
367
87
107
265
347
371
125
53
176
91
174
131
41
152
373
77
158
464
24
84
4
240
306
382
108
471
37
98
397
61
454
29
191
169
472
10
232
394
294
203
384
467
293
28
415
437
292
26
326
266
275
247
71
433
42
218
289
6
249
284
159
460
366
476
382
422
481
268
43
203
24
429
192
325
351
352
15
326
42
416
84
310
146
223
108
337
320
102
240
234
365
411
312
89
488
259
239
52
166
212
450
269
236
404
500
324
363
450
27
33
351
156
376
132
222
163
347
329
330
276
429
75
447
350
202
144
17
104
70
221
464
485
461
249
275
495
185
304
479
364
444
53
244
277
248
296
311
359
87
87
421
238
241
411
324
96
165
199
162
126
398
430
346
289
373
71
74
408
258
483
149
162
8
298
41
183
463
107
34
227
301
370
206
237
247
279
252
183
430
398
333
388
383
401
12
233
79
303
58
329
446
316
400
201
5
481
195
33
44
112
19
129
299
254
185
291
374
140
497
315
196
307
117
189
216
205
231
351
313
382
147
223
209
402
241
119
409
378
120
235
74
394
177
210
495
163
370
124
228
27
72
379
131
148
35
470
92
156
348
30
310
476
200
22
226
435
429
126
170
99
63
481
211
143
83
234
436
327
401
130
50
285
367
497
285
208
146
256
154
54
229
44
491
208
198
197
493
401
111
85
259
72
344
130
149
159
424
323
172
14
252
213
374
219
385
158
87
500
491
43
74
444
128
329
345
289
101
226
399
28
101
12
258
267
181
345
304
449
77
386
249
441
46
283
463
400
233
388
485
445
415
331
312
217
483
308
392
180
30
303
446
320
408
283
434
372
314
267
181
395
453
230
1
170
237
92
108
165
190
335
53
105
301
83
113
490
93
495
220
314
74
372
199
362
34
185
224
24
333
192
100
425
68
352
348
57
455
378
179
438
169
290
458
414
358
195
38
43
195
457
366
7
383
193
436
247
171
254
163
49
368
459
19
318
427
326
427
419
242
473
379
413
309
162
426
122
320
43
230
260
377
51
50
406
405
498
437
452
428
83
162
66
309
259
461
344
214
259
339
340
237
469
478
167
489
448
439
134
83
36
330
205
457
168
356
99
499
195
117
151
110
244
423
265
23
304
363
392
473
499
232
232
405
64
177
252
358
306
120
156
356
340
379
122
93
67
490
245
359
216
101
86
467
282
493
401
266
352
316
114
437
82
397
82
146
189
127
19
354
441
115
21
67
57
339
65
67
398
460
19
287
186
259
243
362
243
16
262
347
155
252
364
477
412
305
311
23
38
225
303
293
129
136
170
149
268
467
288
347
35
481
491
456
223
61
257
215
125
396
392
31
34
435
353
146
366
373
159
311
288
32
125
348
354
471
370
159
260
14
139
64
357
393
146
376
241
255
181
196
265
92
295
325
408
387
7
421
238
122
224
85
396
354
420
371
292
441
257
321
369
150
53
155
353
381
42
424
211
156
335
105
76
296
200
5
491
307
322
263
343
188
115
218
379
452
125
37
183
51
245
300
392
166
316
482
294
167
315
485
411
238
447
464
286
48
249
427
116
184
335
179
89
333
413
355
256
31
123
432
52
476
394
146
292
405
100
103
429
467
72
397
282
158
164
144
133
332
217
289
223
203
38
116
275
185
215
26
327
98
13
299
344
354
331
50
450
428
231
456
496
27
391
297
311
8
94
25
193
392
104
224
374
180
392
321
434
376
153
387
8
347
387
336
103
346
276
82
89
179
126
334
452
93
446
459
178
196
118
244
117
493
251
430
37
70
225
306
445
248
271
145
288
249
254
57
199
81
175
434
463
76
340
10
34
52
320
196
290
136
149
11
96
306
432
207
499
432
391
183
58
111
61
130
422
453
24
214
254
374
392
106
453
422
465
147
475
435
126
307
442
67
169
139
398
280
465
327
422
312
183
377
192
409
253
389
484
102
62
237
456
356
78
488
449
265
271
396
328
215
90
221
297
472
18
132
239
196
241
340
153
297
286
365
113
323
180
448
410
390
183
37
217
221
355
75
95
88
297
195
83
177
32
10
120
175
317
493
298
329
269
259
425
210
371
445
17
87
289
163
225
178
426
371
384
303
346
357
144
493
447
311
386
6
488
109
331
151
437
198
99
180
269
251
221
230
53
345
423
31
436
224
497
367
291
172
245
189
60
308
190
304
434
406
274
203
464
302
495
357
72
118
193
234
269
88
323
208
118
88
432
55
475
89
292
325
436
212
431
51
440
397
365
396
13
315
387
258
341
178
153
333
133
97
64
315
164
24
392
174
300
69
89
264
54
481
57
487
461
316
460
375
12
292
396
333
282
143
27
443
334
145
82
106
92
96
386
292
102
296
363
199
4
50
466
228
67
107
330
189
194
455
105
314
311
33
101
132
336
109
366
190
340
315
215
373
127
115
214
3
125
132
65
445
397
282
412
98
17
63
418
330
17
276
430
488
127
367
496
371
238
63
173
401
308
341
326
107
173
3
352
107
445
428
352
332
308
487
126
182
414
467
390
481
150
231
473
349
246
411
210
161
409
162
26
317
34
310
345
478
80
199
69
357
376
205
134
24
387
204
442
258
147
29
113
173
454
227
395
297
146
186
97
319
90
84
444
371
4
64
360
453
16
35
403
255
64
125
331
26
98
21
152
36
117
5
54
399
19
296
341
36
8
226
368
248
150
6
18
233
51
92
299
281
366
490
40
437
191
412
255
80
164
134
435
8
201
343
230
354
112
245
334
66
242
207
267
47
256
126
198
144
270
344
152
419
224
54
366
63
25
98
429
344
138
307
23
263
47
435
404
198
120
225
327
259
355
146
454
116
13
311
356
436
268
313
353
287
267
45
285
355
140
119
135
347
473
123
222
283
397
29
211
242
453
436
254
419
133
67
313
376
104
337
41
291
367
198
496
121
32
110
299
400
215
248
210
268
359
99
138
153
260
206
393
489
378
282
64
409
249
218
448
8
98
7
266
297
263
396
289
5
336
321
401
449
147
125
109
275
202
33
220
407
449
311
409
484
337
393
149
210
204
438
17
290
96
249
50
481
254
432
451
68
267
76
49
27
179
166
80
25
229
462
465
44
357
62
262
146
270
147
64
331
319
279
58
354
334
318
8
368
91
212
313
396
484
385
316
290
463
70
430
348
29
99
440
107
405
360
276
81
240
84
212
207
73
371
131
186
153
249
37
326
179
297
375
170
480
298
206
438
428
486
266
154
140
165
306
3
361
37
434
43
139
111
247
357
447
139
472
3
135
496
446
201
26
133
131
265
423
217
383
193
312
40
177
385
487
56
151
416
181
220
10
100
227
89
436
363
145
341
498
242
333
188
16
128
69
85
74
131
163
224
71
257
431
62
42
123
248
262
296
2
284
379
438
209
44
337
362
206
71
356
65
257
282
93
328
70
192
9
458
484
300
67
17
64
209
386
84
370
325
105
301
304
6
327
256
354
16
234
262
28
467
27
72
63
383
411
159
278
182
23
27
74
455
185
474
72
12
222
379
465
186
90
7
402
347
127
248
206
412
259
476
93
269
394
419
77
383
491
388
391
375
359
18
257
37
357
158
289
264
257
150
176
405
256
326
45
400
462
202
293
68
118
437
195
3
310
174
152
237
357
286
44
6
10
277
92
192
11
337
481
94
415
150
75
17
177
308
283
303
1
122
466
419
196
319
235
47
408
174
266
106
376
168
133
120
38
23
144
275
140
35
310
35
333
323
404
358
141
182
65
422
168
434
93
291
195
241
87
276
443
483
179
69
385
111
209
389
330
191
499
82
345
492
297
420
91
268
51
493
298
77
407
486
466
348
332
138
498
79
466
240
375
74
322
209
21
71
417
376
14
199
200
371
240
475
342
445
236
3
176
226
270
428
330
153
286
415
177
490
132
417
27
195
332
22
191
185
375
426
109
75
303
184
48
455
69
129
470
437
342
438
29
434
500
399
271
452
462
80
352
215
91
344
139
305
287
205
37
94
30
113
426
128
24
484
247
472
124
68
54
351
251
319
345
41
168
96
209
417
400
143
474
68
222
235
148
213
345
442
467
330
123
313
469
106
104
224
82
31
415
208
436
29
497
118
126
490
124
324
455
416
133
410
403
479
145
95
21
138
210
127
246
291
105
200
291
237
63
365
153
482
296
430
236
1
45
223
226
281
48
161
168
39
124
276
15
33
298
318
312
34
148
398
231
450
198
267
183
494
147
251
183
438
113
162
471
231
457
347
50
78
41
17
102
463
188
126
206
180
220
71
27
429
411
348
370
100
410
246
202
310
21
327
82
59
445
30
98
115
382
146
377
334
21
5
465
423
130
134
6
90
364
327
168
29
63
245
145
167
310
442
375
323
432
228
186
13
65
478
196
376
406
88
146
430
117
129
276
354
100
365
459
94
174
16
71
59
64
487
24
407
144
467
328
237
140
167
301
254
265
219
292
113
171
196
