568
557
123
924
750
1131
726
308
1503
614
1106
678
801
309
1099
588
1131
878
461
530
914
197
1604
35
1998
244
696
1567
328
1401
806
1743
1958
929
1020
1061
412
1746
1369
267
712
475
946
1865
784
397
805
267
1276
1266
1150
542
1816
754
577
1814
1350
1273
1381
1679
1026
539
1774
984
1820
1146
397
232
1244
1767
851
1956
594
1797
174
1731
195
979
1998
1823
598
1148
365
414
254
942
228
1605
567
1961
1636
1945
852
1762
929
1024
909
1327
1256
505
1446
459
814
392
609
988
123
804
319
474
979
917
1974
1344
1331
581
638
1911
186
1557
224
174
1502
1428
1936
783
452
1197
110
60
1703
1908
520
869
301
1129
1857
776
285
176
1250
1264
1446
1577
608
777
158
1246
1041
696
803
1617
870
657
1046
1158
1440
1498
708
1903
1559
763
1811
79
1632
464
1560
1841
1241
1845
369
843
1109
1815
772
69
945
930
1315
1986
1978
470
1603
848
1127
649
359
919
500
1067
822
59
1830
986
490
1462
1450
402
1303
1043
247
24
239
1708
1840
1011
1777
785
294
1444
1123
272
266
726
1473
1745
1728
184
664
580
1251
1839
991
1433
825
1833
1247
627
235
902
23
834
926
262
542
766
1625
671
1903
271
467
1026
896
733
105
721
830
185
905
1846
765
508
1685
1756
1941
510
1941
1188
1490
176
90
1513
1010
1368
127
1904
135
1752
927
38
376
1394
1417
1272
479
1522
1993
1309
1707
1250
1155
824
1758
1193
932
51
55
873
1591
1545
1401
1681
1058
763
1401
1185
667
1536
1290
1946
1927
1666
1340
1696
938
1819
1570
1283
1480
1629
885
987
453
995
180
1737
1046
236
610
637
1781
11
670
1192
774
71
377
1793
1960
1667
1739
239
1685
1431
1935
623
1250
1505
258
1082
1134
1495
69
1939
490
250
1676
1536
838
638
173
971
649
1195
163
1775
1267
541
1920
1579
560
11
1818
246
1442
105
1221
1044
1962
1832
478
1096
1327
547
1387
1818
1149
1063
1354
339
1701
1880
1311
702
1427
1474
829
694
15
1101
273
576
1112
443
1174
906
548
395
302
862
227
780
1958
1555
1679
1697
1373
829
760
1079
1168
813
1311
831
1867
739
306
696
1785
673
149
411
1601
1261
854
775
519
1755
1171
821
617
1750
1953
928
1305
1633
977
1030
814
1738
462
334
903
125
1166
1123
864
1472
1819
1002
145
321
1413
1747
1934
619
874
454
726
45
1627
1696
1796
1581
624
1453
1566
1601
836
380
1691
1298
714
947
1775
1880
70
640
1704
241
1994
202
562
1407
301
497
378
1175
1303
1105
1221
930
801
1369
863
1777
1174
429
1730
10
809
1774
1660
1876
721
1436
108
1143
428
1813
1384
422
367
299
181
668
796
559
1843
99
1664
1416
1381
817
1137
245
594
312
674
325
674
1484
99
687
1712
1172
475
1820
315
903
1985
1699
1677
352
1998
1858
1020
1146
769
1216
1597
434
632
979
1251
122
1224
198
434
1898
523
1460
1734
974
147
1446
146
622
1619
