4827
3965
4689
5020
1536
6337
3635
4885
2016
2994
2192
4259
6201
7895
7800
4069
4148
5663
7238
6382
7029
5815
1289
4211
6798
367
2949
1519
2637
125
6260
838
442
949
5858
8330
3638
5845
3216
5655
5191
1760
9914
1392
6007
4066
1814
6507
6081
9052
9241
3110
1219
530
3674
4369
7250
6623
5889
9887
6748
2149
725
3543
9450
2936
1873
9441
5133
1441
5096
325
3201
1362
8069
5560
5428
9883
2067
1510
5287
1308
4620
6507
8191
4646
876
5441
1270
6765
1680
8018
5266
8758
7913
4717
1694
9787
510
3179
1228
5606
9856
782
6968
7926
6342
8748
7809
4762
6610
3097
2422
7583
5956
613
2229
6832
2406
3499
3598
4087
7870
5216
2845
5783
9933
891
5570
6795
4070
3151
2401
3927
3933
5721
8205
6627
4470
6014
7741
7432
5463
164
5015
1419
7129
7245
4604
9536
744
8202
3623
8614
3418
2820
4398
9704
3711
9968
6499
4133
3119
5253
4412
3404
7326
2617
6384
8148
4984
4125
5581
6799
4289
596
8219
7771
7841
2823
7307
8586
7377
7282
7200
7147
6454
7950
3203
165
7919
6055
650
7390
1308
1415
7147
4986
4032
3531
3135
5368
7656
5068
2168
8298
5664
387
6069
3506
9562
9728
8444
3291
7010
1996
438
3464
9947
9994
9981
4218
6049
6983
7960
3709
8398
5107
8695
8783
4990
8182
4151
2647
3250
6319
7297
8915
3058
9718
8773
2620
9446
3569
2263
2808
5565
2702
2624
1864
9048
8957
6082
5097
5940
4043
8806
4339
5502
3853
9474
493
2036
3625
9492
5286
9945
3141
553
3003
2859
9326
1976
2305
9247
4239
5113
4813
3293
7737
6677
2341
6694
9112
3790
8986
9507
2596
9677
5009
6450
9151
1854
8486
2777
7698
124
2722
839
678
2077
3698
6356
405
2355
5604
997
7468
6769
4290
1557
9798
2984
4603
5262
6774
3590
4769
5723
3267
6131
8525
8771
4337
3363
1548
2036
3487
622
2875
517
9051
2926
3226
9457
5281
8830
454
9102
1951
1096
659
8101
4080
1615
3364
7207
5205
4485
9282
4824
616
7807
3595
4954
1170
1495
3342
1009
8469
2569
1527
7521
5495
4753
6978
7129
9935
3784
6231
8238
4880
3242
6339
5313
4857
6055
8872
6414
541
8154
1239
7509
5961
1186
8815
3483
2682
2157
4492
1151
1079
2371
5024
2926
3476
8354
55
9763
2138
2638
8001
7019
5881
693
8684
738
3100
7556
7153
3641
5710
4744
7503
8023
2282
6318
1506
4964
4828
2350
2468
5907
4722
3844
5185
4550
2199
5241
4314
4337
7879
8667
7708
112
5712
6392
7203
8813
300
4356
8806
2362
5452
6309
385
7734
8980
8243
9051
3808
6946
7871
6067
8020
1715
1252
2570
3914
2845
3236
8252
7077
1904
5960
7189
7616
8705
4392
6429
9005
5100
5236
1368
552
7897
8105
4639
6877
2701
3690
7037
9647
7913
3104
7667
9628
709
6589
3543
3554
9826
8147
631
1730
459
4173
5698
9164
8565
8480
4522
18
3716
2242
6922
7965
347
1561
4843
9400
1603
1880
9047
9516
1337
3066
5497
8398
9656
9040
1952
9482
3539
8936
7564
3998
9461
3262
3163
8026
1742
4037
8044
1810
6279
4967
9776
2978
2880
971
2379
4484
9203
1426
352
6892
4493
5849
5290
501
1241
3595
6335
4780
2531
3899
8779
1992
3513
8294
6370
1608
2331
767
9770
8610
2086
5898
1588
4966
6869
319
5802
2425
1746
2507
9317
2591
4708
4608
3092
5950
8203
5779
7082
7086
9678
2213
5430
9543
6859
1800
1151
5542
8919
922
504
1005
3172
8445
2324
42
8764
4478
8819
510
6985
8136
9453
8046
9096
8897
348
7299
4676
7430
737
4354
5996
6167
250
2855
7968
1401
8398
6887
8675
8902
4245
1848
7347
6569
8242
2464
7399
3413
2974
4385
1549
8780
2431
646
7677
2779
4297
2354
6561
5035
3060
8909
1202
3310
8117
5522
1064
6515
8762
6091
1769
9359
7939
5469
5928
2533
7933
3327
5946
7259
4064
3848
6039
2847
846
69
1978
5143
2423
4892
6530
1835
3801
7733
1498
1918
9607
2562
4785
4721
8653
2907
4080
2945
4728
8
1830
9013
9688
4129
6272
104
7977
8664
2952
8823
5085
1282
318
7508
6174
6849
5695
9976
934
7193
8246
6893
9755
3032
1615
4761
2291
5695
4058
7019
2056
5888
6032
1744
17
8656
8200
4346
3672
1152
9521
8757
2435
6192
2617
4961
3041
8313
1289
327
5506
9536
7220
1614
8920
5187
2727
1211
883
3137
4582
2939
9025
614
1035
5395
5622
9235
6093
9295
6740
5615
8052
5527
1807
670
488
1200
5335
1778
7879
7193
7666
1451
5159
2938
6639
7886
4149
3874
1023
5083
6813
6401
5697
7848
8148
1319
3435
593
6966
175
2560
1371
5702
4367
2041
2543
1919
3728
4321
6150
921
8339
7602
6081
1277
593
319
1778
4467
7695
6861
1280
448
8910
5480
8596
6581
5267
9189
3548
5443
1750
4919
7497
2469
3312
40
741
7040
713
6891
7961
9052
845
394
6681
1438
714
8459
2257
4761
1672
9889
5209
582
1721
3805
7164
6989
9346
712
2432
7448
1983
6281
6270
5295
6322
7011
8687
7035
254
3000
2440
7452
3395
9121
8890
461
3933
7500
5222
5605
7389
431
6188
9111
588
9704
6100
6286
6768
4884
3735
8751
1165
5
398
3839
7016
9085
7227
3622
8437
9667
1074
1832
5140
6317
8645
5425
3817
3867
7383
1206
650
3571
6669
7590
9627
9121
3877
6395
4005
7612
1498
1523
3969
1896
5362
7337
7333
2589
959
2122
8608
2034
3955
3749
4703
8952
5526
8520
9172
2909
6078
9822
2832
9100
3765
2459
8221
7642
8854
2227
1606
6704
102
5575
4952
5464
2912
2285
8054
3871
760
3014
2257
4715
3115
6960
19
8642
1832
9191
1551
4263
5366
4384
3363
9131
3195
1584
3125
8402
163
4731
5106
265
306
59
2082
3218
8696
6488
3441
9456
9502
5699
523
2618
9011
543
1260
7196
6086
9163
1459
1452
3547
1174
6935
3095
9110
60
1497
9274
4791
6603
5891
1449
6662
7973
1019
1711
4461
4461
1167
3964
6512
8043
2934
5523
8586
4194
2719
4672
3357
530
2477
3257
1704
9412
2704
815
5825
4201
6441
6968
804
8684
8418
3819
6658
9437
1882
7471
250
3049
1435
6762
7444
4369
8638
2382
4915
7709
3407
4625
8240
5884
4234
6296
1648
6938
3463
3825
1139
6256
794
8295
4941
5564
8466
1599
1353
348
9070
1604
9750
6858
4718
7194
7579
3356
9577
8847
1066
2984
9824
5658
5220
4058
8306
3220
7348
1770
7046
4839
8026
7840
3134
2967
9756
1601
918
1109
8301
6341
9065
8051
9551
136
5246
3482
3492
1175
2329
910
511
2153
2920
5731
2563
1227
8951
9911
2997
5997
4750
7375
189
4237
6695
9945
2190
7613
7407
491
306
2824
4895
9857
2960
6493
9692
2805
7668
2021
67
8179
527
2988
262
3090
4215
5565
9354
3564
1563
456
939
8104
1045
7634
4402
3235
1600
1809
79
8258
985
4974
4468
3946
1467
4160
3103
5487
2533
3170
18
3060
6158
280
2503
373
5845
1857
289
3760
8665
1229
8217
9711
5215
2619
9298
3167
780
5729
1426
1765
703
2246
2063
8522
6406
5166
361
8939
8337
379
8352
4495
7011
855
1221
9209
9064
1510
9321
4081
9091
7538
3792
659
157
9443
178
7289
5172
7956
9055
2228
202
7470
750
2960
2637
1112
1900
7326
7843
6604
8173
4855
7459
5746
416
2875
3609
9737
6956
2700
7276
7101
9711
3785
6544
9890
1075
1716
7846
6482
3944
8049
3952
1047
1009
6589
8511
9261
267
6354
5865
8441
7561
9676
4187
7977
2551
7796
4067
5860
6849
7695
2961
6560
1480
9505
2802
8907
7573
649
5389
7870
5050
9342
8917
2411
2283
3780
1673
8903
6486
3890
7344
4048
9919
1531
8377
2470
5680
8796
4682
2529
6491
7643
5441
4324
3500
8244
3231
1074
8893
4973
8944
295
667
4213
2706
2950
4345
4379
8205
831
4622
5549
4879
4541
3433
9609
3363
9113
8405
8046
7994
1249
5689
3435
5573
9190
1679
5156
6616
6924
129
1912
7219
796
2477
9926
99
6822
657
8304
7653
1631
3854
8885
6172
3639
4846
9536
9104
3251
3934
7098
852
9623
533
6425
5165
8565
1582
8133
1841
8063
45
5413
5212
8874
1691
5311
5696
8700
9967
9702
332
173
4939
6504
3812
9785
2392
2916
9388
6326
14
241
2302
6900
3018
3819
1817
952
1953
10
9016
8350
5423
4228
7225
3466
5891
9273
2167
5858
5327
2499
6032
266
5355
6196
51
7748
9113
5792
4074
5479
6033
2728
8731
9051
6548
6900
6356
8501
6911
5372
3203
8686
5952
6780
2153
8195
6054
672
4053
1381
3171
6437
8000
8526
2634
8051
2626
8099
3843
3053
3578
6228
5781
8662
1632
2329
5562
7988
7182
2473
9712
6738
1160
2016
3518
9665
211
5924
337
616
3658
9860
7054
1658
4738
6040
6061
7365
4139
9905
418
4069
2485
2551
2731
4117
1233
4646
8457
8415
7119
4521
1505
4631
6537
5024
4296
6748
948
985
3717
4606
845
771
6264
5584
3163
8678
9301
7302
4935
9719
7723
7420
8622
6807
7890
9855
1453
6347
4623
4924
7221
6128
9556
3758
1152
204
6859
8453
1190
576
9411
8387
7699
2028
3971
862
706
3272
4516
5641
9343
8591
3061
7966
5398
7303
4173
6851
3
8796
1776
7224
4925
7684
982
2429
7888
4193
7234
5430
4769
6646
3818
8820
8674
4141
9682
9380
3766
550
5021
3109
9142
4434
7427
4540
1738
1601
7744
1741
6749
5872
5317
8026
9908
6299
456
4148
493
7690
9579
1614
688
9749
435
9362
3890
6469
5094
4008
7020
6467
3470
6162
902
897
7054
8992
8850
1150
7085
5600
7022
2402
9978
6930
5053
434
1079
1898
4477
7010
3513
5165
3111
3948
880
3353
6769
5974
7362
3789
2442
832
6303
9696
8081
3358
5040
6932
860
8477
8884
7883
7231
8862
1165
2284
5649
8596
535
126
1958
4048
1643
5069
4348
2523
8423
1117
4850
5785
1259
3644
6617
7562
9692
4698
7272
4732
7982
8133
9561
3218
2368
6792
2081
9885
5428
4082
8482
5963
560
440
6363
2203
1862
711
1079
285
8181
2281
6070
9440
5925
9039
3354
1969
89
627
3053
8072
5112
2614
1290
7480
5758
9723
3717
1186
157
2199
3502
717
8992
9865
9273
854
6929
6704
1139
5110
8985
3561
902
1262
8952
608
3231
9041
7587
6284
7113
2699
5250
4756
6531
1008
831
249
8546
989
8800
2048
1706
4144
8266
7331
4998
5195
4035
2489
6657
9372
2402
3911
634
1354
4519
217
396
8459
6501
3861
1158
1751
4969
4042
9111
5801
643
7658
6790
9443
6058
4848
3588
4324
2180
4938
5871
2567
3780
8880
1940
2534
9143
2574
3889
15
2792
637
8474
5645
850
5984
3749
5820
26
2860
7973
7021
6870
1115
2817
2929
5963
2757
3605
4495
7695
5829
7063
7827
1061
9003
362
6557
7929
603
6572
7073
1240
1398
9071
8442
7382
2820
4262
3761
2032
8587
7134
8903
9702
9951
8184
2018
2708
8141
6513
6756
322
9928
4583
1384
5283
1297
4293
3213
1900
865
6638
9492
8615
5709
7935
2349
4881
8549
2462
6914
7137
9597
2169
6839
9548
353
8857
8609
4846
1723
5365
5169
1651
6300
2905
6935
3950
7198
6500
5850
4415
3138
1695
3030
5200
5982
5379
81
883
4194
6995
8020
3791
5516
1212
9691
5869
6421
8300
7068
8144
17
2237
6148
6318
1494
3083
268
8692
5935
2470
3107
5425
517
2489
625
6499
4220
707
7383
8414
4054
1755
8557
9571
9319
8249
1792
5741
2901
8860
237
2919
7449
6385
9237
8943
5820
5857
3987
1755
4679
3446
7181
5197
5935
4158
8048
6508
1217
1783
4922
1624
9891
3480
1195
9210
8081
9339
4951
982
4552
5189
3901
2001
7926
9490
7297
3747
1699
1284
1854
6379
4731
5387
7928
7018
9546
5976
3526
7115
7760
4801
8739
7651
8281
6286
3213
2714
5626
8165
48
178
9706
302
8531
3984
9792
5828
7731
7844
3465
5938
4223
8196
1325
2151
1566
7223
4479
5093
4339
2239
9894
9430
6242
4527
5717
9456
7241
1343
3973
7289
7873
31
7591
6404
4015
3736
8585
8099
1580
2050
4037
2155
246
1714
658
1812
5290
5137
3257
9629
3729
3151
5411
9971
4030
1128
5779
1271
8823
9752
4913
6696
6135
8856
9453
151
8944
8038
4602
6876
88
4991
9031
6686
6705
6041
4850
1995
1179
8108
7976
4908
7611
3388
1231
1642
868
3363
9265
9692
3115
4178
2740
5603
9387
2193
5754
8331
231
6708
5208
319
1699
591
7005
8404
6633
8208
6752
4164
6316
1080
5424
279
4468
3007
1921
5337
6370
1187
1381
5838
1717
4121
1441
1104
6315
3547
5788
6546
255
7348
3218
1954
4291
6575
6710
7276
4783
3462
1440
7451
4543
3216
7731
5363
6224
6004
7052
2594
7191
4785
8432
5261
8907
9873
2717
1574
3420
8505
4472
27
2205
7690
8333
6497
618
5044
125
1753
4858
7918
9205
5753
1134
3288
7469
7358
9292
4521
6305
2836
5659
4737
8097
4566
963
814
6140
735
5672
6964
763
4229
1007
9096
7078
1625
492
7204
3378
5351
5122
8935
7456
6256
8575
4925
9967
4220
5799
6272
3408
1458
7361
1505
2376
4676
8671
8516
5412
695
1832
2527
4925
2839
7975
2003
4464
8468
5559
4195
171
681
9482
7627
3290
4410
8905
9609
8630
4704
2233
2038
2514
9594
9895
4890
623
4918
9758
6035
1966
1590
4914
3243
4430
2889
1598
5246
7709
7158
5793
4232
7839
5276
8212
7481
6038
7117
7090
1020
8173
9323
9410
7039
5270
9305
1929
5893
575
1687
8280
2541
9629
3194
2136
4059
2435
3735
5658
145
893
1451
729
8732
3079
8941
2566
5469
6058
9656
6489
583
8980
5899
7622
602
1556
5903
6495
2132
7590
4775
1025
3572
4321
3162
3983
6756
6897
9641
3253
7790
7445
3983
2874
524
9276
5440
5994
1687
1449
8835
2270
6781
4735
6245
7383
6291
2148
230
4775
6091
5005
5801
9663
5678
8963
3646
8786
2212
9640
2040
6354
7085
2375
9228
3961
1651
1021
6307
3338
8822
5143
1961
5603
9878
8206
2986
6169
6706
3216
945
2797
4573
3098
8812
6603
8413
2459
5389
6977
8451
3781
3331
5536
6156
8911
9497
4160
9932
2157
3850
8754
7300
5811
709
7178
369
3695
9699
7076
3263
6996
9873
4188
6446
5038
791
4859
7497
6181
1836
5948
9962
5167
7836
6119
431
3685
6631
6715
5842
481
1822
3142
6293
2531
6672
6662
6227
2724
90
5842
6072
6316
31
2519
1354
822
7378
5203
7003
5567
7503
3318
7086
5339
9437
7517
9024
2420
4233
1219
2901
6055
4361
5546
4938
7386
2209
7517
110
8651
3360
6182
4967
3391
5053
6321
565
8784
1524
3921
4351
5379
7239
7789
718
3028
1659
6095
5448
2244
3666
8349
4651
4379
3896
9589
1765
2457
7107
8227
7460
467
762
2428
210
5815
5101
775
4599
2978
4696
5302
8357
1935
3092
5428
4963
4751
7875
6763
3347
1541
5113
7998
5920
5361
7587
7686
4170
1046
2265
1630
7865
3027
410
8075
8843
5512
5203
9794
8490
6251
5097
3199
4539
8189
8627
5854
9292
6502
2618
2639
8043
4083
6989
316
5796
928
4354
9966
1975
6619
7948
9840
5999
8359
4268
1194
223
9471
988
5065
5722
6085
8264
6613
4274
3244
2468
9918
6098
5086
8909
494
5521
5898
810
1317
6827
5164
7635
8802
8135
5583
4994
4134
294
9262
5328
6869
5085
6317
1934
7160
8754
6551
3773
3029
9795
6241
9299
2245
7679
8209
2739
3200
4107
3549
4517
7286
5065
8504
2440
3201
440
7435
3687
734
3049
5368
3956
8135
8037
2242
5295
6791
8793
5420
6172
4940
1662
5472
7186
5693
3681
9925
8894
4140
9827
9763
1427
4892
8268
3867
4445
8708
7654
4485
5794
704
6205
9750
5191
4242
8345
6838
1033
7138
2258
7206
8431
272
9030
5617
2318
9063
1894
1212
3203
8073
7327
982
9318
1947
1202
115
7007
8856
4600
2802
5912
805
8904
1103
1399
7249
4293
2433
740
2904
5991
9171
9528
5021
1140
1846
4084
9386
9410
3639
7460
3090
4622
6778
5037
5824
3245
2045
1032
7846
1199
6945
5003
103
4400
6403
3705
5046
5188
4445
7950
7531
9968
3830
2552
1108
5677
2988
494
1439
2979
4306
4529
3953
7436
9567
6129
682
7964
7162
4880
9163
459
9883
5618
1211
2638
9323
6257
7826
120
559
1709
88
742
4261
1196
6419
3601
8043
4210
2933
2349
8740
6886
9786
4659
9368
6820
2623
6530
1700
8138
3341
7935
3756
904
6926
9432
3514
1104
9552
425
2814
9641
1167
7075
837
7586
7029
5232
8149
6314
7582
6889
3200
3720
7900
2568
6892
6875
5450
8592
5013
5143
2879
5121
6048
9805
4553
9562
910
458
6339
3724
99
7507
7151
7288
1445
532
2521
9594
6846
6455
6483
6399
6527
4383
5319
3419
7610
7122
8363
2623
2265
7594
4097
4665
7400
5002
579
4662
5460
6919
8386
1911
4426
1889
9200
5871
2422
8073
5466
9268
880
8301
2019
3759
9037
7339
3530
6647
4461
8245
9271
3078
5839
9720
7744
9591
4722
4675
4253
183
1594
8991
2094
2372
881
7646
8244
3303
5719
62
8923
2951
8363
943
6710
7400
4634
240
400
5447
8485
9671
8525
677
5743
2621
268
465
7297
4522
648
8891
3513
9095
1264
4394
6741
5860
4049
8813
5922
9325
1764
637
6620
4827
4390
1254
1419
4790
3053
6257
813
1578
6934
6556
4200
7202
7021
1497
8076
4022
6740
7942
9469
4356
8688
6210
6568
2738
1375
2490
8415
3140
9480
5035
4319
3870
2641
5738
5012
5694
1995
5825
3624
8929
8733
7824
2484
2106
5673
6912
6128
8766
4854
5597
3122
3543
8160
9691
2633
9535
8533
1048
9027
4365
2435
3346
8235
5076
9085
9599
7122
7432
5424
746
2714
509
4923
5198
2616
596
2110
8744
9362
3317
694
8837
6860
5206
4880
9493
4741
3413
6893
3769
7779
9328
3467
2366
756
2552
8318
4230
6337
94
4976
9051
604
9899
601
3220
6848
9063
8316
2562
2380
9010
1399
5592
4216
6279
1437
5310
6045
8330
9079
176
4010
8898
8894
4766
7803
7212
5348
4140
7307
325
9543
7911
6576
144
7483
9776
5559
5799
2339
7940
1162
3738
9884
1730
6370
1322
7040
8767
9652
2471
5295
3663
1370
4189
4781
9173
7754
130
9665
5061
6807
9208
9324
9735
9352
6807
9512
1263
8958
1851
9203
120
1941
5440
1851
4663
6762
5243
3430
6414
4067
8725
6429
5437
9267
7563
962
7021
4045
627
8434
7204
9835
4110
6939
5539
7269
2803
6802
6227
1006
2358
2700
2948
7798
903
3963
4560
2498
3746
7326
6565
8823
3756
2002
8090
7671
9316
1463
1716
9943
6249
8920
6130
6711
2211
1669
3980
5015
4824
6560
6021
7182
5612
5321
1332
6515
5637
2244
9013
9383
9570
5579
4558
9678
3933
9001
7349
3250
464
9065
9545
3066
4337
5676
9777
6549
3697
110
1564
4873
6670
3937
2055
2282
5611
9739
5149
1248
1983
4162
631
1554
6093
1541
1232
6379
542
8582
5981
1007
3999
1878
425
8337
3906
202
1238
7604
312
9154
2477
3334
3091
885
1968
8702
624
7117
6302
8960
7632
3285
514
77
4827
8098
6456
5369
3032
8789
2728
7032
668
3153
1721
4574
9708
2959
8530
6372
2113
7360
6059
1556
8245
8027
6611
5221
1497
2913
4181
9129
6199
1047
5558
7378
9146
8367
2747
8530
7156
5476
5562
7824
4981
7283
8751
1041
6594
7281
7414
5059
4641
3473
6616
9238
7852
3227
812
9349
2492
4993
4830
5043
2393
6741
2421
7891
5108
5169
6421
2264
6997
8336
6441
8330
1971
1544
9372
8566
5177
3138
3625
9819
2963
6593
5409
815
6172
6221
6517
8665
7567
7699
60
9960
4440
2482
4203
9548
4003
624
8165
7352
8960
958
5682
932
8854
1406
5850
4031
4544
5827
3850
7507
2421
5612
4675
8593
1833
1192
3610
9400
5243
3671
5712
9684
6153
6267
5584
6508
6892
101
3860
2204
1059
5894
9488
9913
3653
1690
3945
8197
7518
4147
2057
9939
9759
6732
4884
7945
4276
8495
3697
9519
2166
9410
5555
4671
2029
1140
7531
8921
1241
7743
7478
8653
3637
3318
4918
7290
5009
8863
1840
8879
9363
249
8818
5474
6981
3702
3419
7609
8549
7117
3480
715
2879
9036
1738
4908
176
9269
182
7769
7012
4012
6422
7002
7330
1341
644
8691
6556
8836
7570
2271
9085
2740
4098
2418
2795
7517
27
1344
986
9860
8412
217
8896
6502
5126
5424
5772
1660
3193
9136
5672
5968
2490
9354
3661
3135
4398
6569
1971
8320
5193
7409
7413
9291
9827
208
3160
6207
7904
4147
6067
2668
4364
4963
9171
5842
6739
4943
7502
6284
431
9526
2252
2922
5233
2265
2409
9631
5187
732
4303
380
8141
1716
6023
4321
8276
9183
528
6181
3330
6595
5201
4047
1558
4372
9889
8297
5667
3744
933
6099
3270
3186
5373
4855
1803
4134
838
3342
1218
5142
74
9360
6858
6097
3681
1487
5281
561
4020
4963
7156
9221
9010
5066
3594
5252
3363
5613
8996
4296
1712
8618
3834
3437
3474
1990
3923
664
5332
5142
5806
5407
4502
9017
7856
4535
504
3137
5096
4524
4453
8604
97
3463
3670
3691
8715
3385
9305
4063
4033
7369
9034
7868
7159
8860
6210
1082
9524
7894
6224
5331
9653
7078
700
7510
7965
1204
6999
9413
2080
1452
8017
2177
1268
1687
2221
6335
5072
7878
399
9106
1599
5785
3326
5110
4645
5888
6193
4169
3782
8769
5852
9788
2200
6552
3650
6517
4108
649
5931
6188
8454
300
4718
9722
8340
3291
6057
3412
7521
2808
8870
9120
8593
8548
4231
9590
4436
6776
3760
4571
1897
5964
711
4097
8869
4361
615
2977
5010
2898
5518
3464
9550
6588
9538
7890
9879
5596
7655
7400
4756
6525
2872
3350
1426
7103
2940
2214
231
3052
6785
2129
5369
7496
2578
4238
1857
3193
7215
3220
2443
2733
3036
1994
5673
2575
6236
5552
4523
3891
9304
9279
6769
2177
8981
8195
5632
8274
409
5864
1326
7195
7993
6695
1043
6923
933
9253
6469
4501
8825
8912
3586
1861
7258
9260
788
3495
4812
1663
7386
469
943
4155
2646
6276
2350
8278
4550
9112
494
2229
2659
4839
5276
3702
1763
2562
9307
8232
7063
8132
3496
649
6346
755
6261
3486
602
7426
5150
7988
7895
6093
8496
541
8721
7198
5171
3272
6310
2018
5501
8969
6857
7129
9024
8620
9691
4683
3204
3106
9168
6701
108
1866
3808
6369
5352
4410
3795
502
8750
1690
2947
3598
8583
1669
797
107
1293
3459
2125
3146
8781
8982
275
7805
3955
6319
8840
3511
9425
8008
212
9533
9874
372
5903
1579
4782
6050
2081
9885
4093
1381
3483
2676
9402
4280
9135
695
4092
1260
193
2873
6595
468
678
6902
6787
5870
413
2565
3879
626
2098
105
7350
4353
1684
2133
404
118
8370
4497
1499
1853
3525
901
2486
2661
7948
6578
3921
8141
9451
6868
4961
6481
3770
8101
2351
4184
666
2582
1162
9116
2688
8512
3470
724
6997
3874
842
5367
4723
8693
7221
8248
5946
6059
909
246
2637
1183
8387
8440
8051
9701
4921
1822
7802
3624
6006
4820
6207
3520
3936
5247
2032
7406
2323
9030
7632
3166
4397
2355
8211
7970
604
4158
4029
7865
4404
3018
9048
9144
1458
7100
5197
6379
8922
9351
6356
1280
4171
2563
4800
4459
4162
3184
1866
6485
2214
5850
6003
2964
8206
4215
7286
5162
4725
1316
3027
5481
686
2076
4625
2145
9176
6174
4876
4450
5525
1232
2082
6048
147
6882
508
4309
66
8726
7147
8633
4576
3150
7949
9134
3717
5235
4296
8442
2903
7324
3924
3590
9400
4901
2087
4928
1076
6963
5730
6601
4548
7812
9002
4695
1046
9510
5357
7464
8236
2504
2449
9164
2006
398
8299
5724
5634
2595
518
8537
6271
4442
8479
2023
9344
566
6951
6772
7530
9033
9725
8430
6845
8727
3125
4243
8237
4834
1708
2825
3690
4157
8342
5697
4556
6641
7773
6542
5588
8291
1431
8212
9086
9911
235
4782
477
3539
1554
4359
2572
1279
2789
9418
6359
2267
13
948
7101
8073
126
792
2231
8468
2841
3139
1461
6966
6033
7049
5257
7464
5261
695
3727
1849
5477
4205
5388
3383
4916
7960
4663
4058
3730
7374
2677
3744
8322
9778
1817
8448
6922
400
3268
6115
9891
4729
3081
5924
8131
4691
9741
9744
5386
3468
1593
7216
4025
6981
599
5294
4942
1614
5704
8672
8988
8381
8768
3663
4511
586
8463
7786
7338
1732
3901
7230
6461
3335
9506
4592
8026
5599
689
9764
9068
2282
3332
9445
9264
3932
4739
4206
1898
443
9230
887
8824
7999
902
9688
4937
9365
7474
2275
1097
1375
5857
3911
1062
1716
4855
9088
7315
5544
5205
6383
7827
8537
5829
3443
8821
6920
4001
720
7364
3231
7959
2540
7582
8861
2228
2519
8226
9702
1147
5676
7430
3356
5939
8492
5072
794
3933
2388
2691
9138
5123
6870
4027
952
313
2849
7873
4314
3569
1589
7545
7880
4129
1480
6741
2710
351
1319
8764
1498
3347
6194
1207
9286
1039
6279
6433
4972
8667
9124
462
3791
2346
4489
1095
2659
3690
5320
6973
3611
3261
870
1491
3743
2350
8232
6453
9054
5904
5217
6904
9251
1412
8111
4890
8803
4391
1323
3775
9410
6799
589
9553
9145
5078
7001
1804
5121
2321
5129
8732
1935
5999
224
5678
4702
4808
2131
3756
7064
7348
7012
6316
5112
5124
1206
3915
9515
2529
4042
5277
5680
4631
4831
4825
6062
1832
2981
1183
505
8110
6267
2440
461
6491
8118
1515
7652
249
1623
4716
3950
8636
7384
5414
3760
8590
9330
9627
7471
9724
4904
3151
4356
9735
4328
6770
7919
3661
7953
8425
1771
4220
865
8585
7064
8984
100
1068
5585
8076
5784
9535
6712
3169
4950
6824
8111
632
6451
1935
6708
7707
1438
7416
3795
5767
4186
1714
9428
8491
139
7552
9064
1005
6137
6128
6341
2589
3548
1926
665
5684
7814
3729
5205
9116
6905
3317
6100
9708
5252
2808
7416
6690
225
1211
8809
763
2925
4590
9255
3065
8494
4671
422
4631
7151
6763
3572
699
8689
590
6383
6503
671
1589
5619
7577
1258
1719
7285
2862
880
4701
5904
1105
2264
4714
8220
5190
5656
3827
4607
4150
8498
5029
5133
5649
1792
8705
6348
6833
5647
9084
9689
6319
673
5308
3896
8283
3380
7533
1145
4260
8587
7049
1717
851
8115
6289
2393
3771
117
7000
7921
8615
8381
9406
617
6525
8112
3317
3359
111
2401
9400
6430
9426
4708
6678
7709
4440
564
5206
5052
9151
2256
3121
6354
371
9411
8748
495
5880
2100
4768
847
6834
4175
1464
3359
8639
1134
3070
8750
3535
2470
1533
9314
3531
4563
3375
4323
5127
8582
9376
4278
7190
8849
6985
3913
4612
5733
4408
492
4185
5529
7692
1019
9704
5508
4379
4695
6642
3801
9797
6530
6272
1330
5844
6155
2246
5571
478
7373
505
9854
8004
7695
5056
4989
1609
9668
7074
2369
6513
1259
7898
4205
8631
3954
9713
9362
8649
2708
3163
8447
9238
5787
6129
1434
1942
4727
7005
2421
2101
7511
8627
6457
1558
3683
7798
3167
3352
4872
1889
6217
2483
9787
6774
1114
94
6487
476
8743
9195
9992
3542
4785
5779
6024
6219
7722
751
3225
143
9204
7088
8770
2013
8646
8806
9811
8166
8510
1035
6407
4727
3519
2546
1501
4633
2640
4340
1462
7736
9888
1454
1278
4673
7233
3654
893
1307
758
470
7802
6314
7558
6573
8328
2556
1731
4491
7074
241
5527
3481
4968
5398
6028
6469
6383
8668
7161
7845
2756
7049
5651
387
1723
9237
4041
8968
544
1151
9438
8347
3818
3348
1272
2146
2256
3003
2989
9331
3244
4868
9164
4564
266
5192
7385
6650
213
4546
4495
2969
1596
6499
3356
9671
5736
3750
8639
2632
1253
4429
979
5071
7777
8603
3569
6385
7958
6559
5716
7554
1427
4881
2118
1694
6425
9503
8344
2990
402
9191
2312
8350
5690
2020
8021
7778
5770
3012
411
7024
7441
1390
8447
1570
6346
2017
7955
4304
8576
24
8211
6355
4905
329
4401
7682
6185
9097
7025
6587
8289
9337
4937
331
1357
9310
8110
3480
2322
8521
6856
9763
6263
5303
7685
2609
7320
5640
3266
2248
2016
7829
4956
3273
8158
9357
956
4343
8455
7981
7282
6744
3670
2219
3427
5027
7881
1537
8507
203
58
5363
6318
2674
667
4003
1635
4339
5996
1253
6588
8012
9082
1544
1286
7241
7253
8594
7936
