7737
144
248
613
568
759
976
780
896
1032
1207
1209
1143
1201
1687
1774
1690
1710
2188
2159
2117
2395
2179
2213
2323
2421
2799
2738
2882
2888
3204
3212
3184
3652
3426
3753
3812
4054
4085
4160
4086
4045
4170
4281
4698
4709
4956
4688
5119
5096
5199
5136
5143
5430
5302
5467
5752
5753
5757
6086
6141
6213
6598
6378
6318
6876
6883
6930
7130
7068
6942
7469
7265
7664
7350
7463
7773
7958
7703
7992
8054
8155
8281
8250
8685
8583
8969
8737
9036
8826
9323
9430
9192
9474
9408
9510
9750
10091
9992
9981
10011
10334
10102
10329
10599
10452
10544
10672
11111
11200
11017
11417
11155
11498
11767
11840
11833
12036
12130
11821
12215
12205
12403
12607
12779
12663
12869
12830
12806
12961
13163
13070
13447
13465
13499
13898
13669
13843
14123
13880
14043
14040
14598
14250
14490
14717
14843
14975
14954
15073
15148
15421
15578
15604
15628
15710
15667
15649
15740
16074
16110
16155
16444
16609
16720
16795
16908
16689
17190
16983
16922
17486
17175
17572
17336
17665
17689
17979
18192
18095
17904
18092
18316
18683
18796
18796
18793
18764
19145
18985
19190
19007
19440
19686
19569
19512
19881
19629
19753
20171
20112
20075
20457
20487
20599
20646
20904
20941
20825
21048
21036
21130
21440
21405
21765
21737
21953
21710
22053
22199
22047
22495
22358
22687
22781
22779
22951
22962
23108
22804
22985
23472
23532
23643
23559
23631
23689
23615
23772
23966
24015
24061
24248
24656
24566
24865
24645
24819
24775
25298
25370
25222
25593
25281
25361
25726
25960
25612
25888
26021
26269
26125
26293
26501
26720
26705
26884
26709
26872
27257
27028
27288
27470
27328
27544
27536
27594
27841
27907
27821
27991
28178
28196
28284
28411
28557
28762
29023
28722
29102
29044
29243
29527
29390
29344
29748
29995
29880
30009
29967
29989
30437
30407
30659
30718
30451
30595
30612
30992
30955
30933
31235
31285
31329
31619
31696
31639
32033
31919
31813
32135
32216
32356
32363
32706
32552
32511
32853
33132
33120
33320
33022
33210
33428
33633
33428
33631
33881
34092
34076
34336
34425
34111
34321
34707
34583
34769
34998
34816
35140
35311
35204
35156
35219
35667
35714
35671
35978
35767
35903
35950
36340
36577
36360
36720
36711
36540
37003
36792
37232
37079
37380
37310
37243
37653
37869
37578
37722
38067
37846
38214
38130
38350
38423
38449
38517
38537
38920
39047
39257
39175
39398
39397
39305
39710
39617
39768
39903
39820
40012
40135
40152
40192
40497
40495
40697
40766
40725
41119
41285
41071
41085
41567
41474
41608
41516
41891
41798
41988
41891
42055
42416
42589
42652
42321
42651
42521
42741
42754
42941
43253
43142
43393
43497
43739
43740
43594
43658
44017
44165
43943
44341
44550
44563
44415
44511
44979
44606
45009
44920
45349
45316
45136
45490
45568
45457
45542
45889
45750
46248
46182
46403
46190
46628
46352
46782
46620
46746
46992
47238
46911
47187
47379
47513
47350
47794
47776
47630
47952
47885
48050
48202
48353
48386
48792
48421
48595
48986
48862
49297
49087
49445
49500
49329
49525
49852
49511
49945
50150
50103
50183
50313
50591
50614
50426
50793
50808
50855
51123
51213
51092
51425
51567
51646
51763
51711
51967
52010
51750
52282
52307
52237
52379
52507
52666
52404
52611
52830
53049
53213
53285
53485
53326
53428
53699
53605
53622
53660
54160
54197
54373
54152
54423
54492
54398
54686
54603
55018
54897
54953
55152
55104
55342
55231
55564
55509
55535
55827
56039
56036
56041
56076
56321
56419
56605
56521
56924
56879
56881
57036
57076
57154
57341
57699
57598
57591
57638
58001
57809
58135
58307
58213
58391
58349
58544
58807
58758
58731
59187
59249
59268
59480
59478
59289
59499
59583
59710
60076
60162
60191
59964
60490
60497
60505
60790
60595
60997
60728
61149
61258
61215
61356
61272
61658
61657
61668
61866
62068
62100
62005
62169
62268
62285
62347
62657
62636
62682
63020
62764
63296
63211
63481
63587
63261
63586
63877
63608
63735
64157
63857
64346
64272
64365
64670
64382
64875
64738
64900
65143
64938
64905
65212
65358
65242
65512
65516
65631
65994
66088
65995
66291
66199
66128
66430
66412
66715
66559
66821
67002
66816
67030
67248
67240
67448
67518
67622
67723
67909
67723
67818
68199
68380
68330
68258
68723
68842
68526
68654
68889
69214
69001
69432
69565
69330
69462
69478
69797
69821
69851
69899
69989
70133
70300
70281
70533
70670
70803
71056
70779
70978
71226
71379
71159
71257
71737
71734
71851
71915
72088
72192
72129
72341
72424
72394
72771
72738
72624
72720
73111
73075
73120
73000
73361
73472
73733
73894
73542
73837
74003
74274
74167
74129
74305
74378
74338
74894
74512
74842
75009
75052
75034
75038
75194
75511
75384
75817
75649
75809
75738
76213
76384
76110
76365
76445
76682
76599
76592
76876
76988
77195
77002
77055
77124
77507
77534
77463
77801
77846
78005
78262
78399
78291
78452
78645
78402
78837
78862
78704
78846
79052
78917
79130
79462
79334
79528
79496
79833
79920
79925
79921
80115
80327
80277
80291
80787
80663
80654
80740
81061
81111
81003
81212
81203
81655
81457
81457
81892
81972
81713
81838
82024
82382
82121
82687
82317
82501
82935
82950
82973
82960
83224
83340
83440
83553
83731
83727
83616
84038
84167
84129
84001
84422
84142
84256
84678
84451
84614
84722
85123
85279
84913
85048
85462
85234
85687
85779
85987
85774
85781
86060
86235
86405
86552
86375
86558
86783
86854
86974
86873
87121
87104
87275
87344
87298
87631
87874
87649
87897
87796
88225
88177
88109
88425
88691
88795
88612
88870
89082
88938
89251
88994
89073
89309
89246
89400
89867
89782
90054
90042
90255
90028
90398
90182
90424
90648
90666
90698
91097
90763
90946
91174
91192
91356
91299
91483
91503
91663
92005
92138
92202
92109
92032
92427
92618
92731
92828
92885
92813
92934
92879
92920
93362
93429
93303
93738
93577
93869
93736
93727
94084
94183
94301
94429
94591
94701
94412
94846
95016
94970
95084
95218
95331
95269
95346
95549
95500
95574
96086
95865
95960
95966
96185
96475
96447
96440
96713
96777
96609
97002
97104
97046
97437
97557
97675
97628
97610
97839
97774
97827
98261
98211
98445
98392
98680
98743
98441
98580
98969
99080
99045
98930
99298
99382
99605
99345
99675
99570
99922
99836
100172
100378
100282
100409
100488
100557
100889
100850
101049
100864
101277
101310
101327
101375
101403
101607
101618
101596
101987
101788
102276
102384
102470
102374
102318
102675
102572
102893
102897
103046
102830
103070
103177
103412
103531
103765
103822
103821
103915
104071
104137
104045
104133
104264
104620
104636
104871
104990
104885
104910
104878
105161
105194
105148
105588
105612
105675
105912
105658
106125
106058
105988
106095
106535
106452
106726
106652
106674
106699
107120
107197
107336
107065
107483
107300
107637
107619
107923
107927
108056
107933
108158
108470
108427
108358
108510
108892
108786
108722
109102
109011
109280
109490
109406
109368
109394
109484
109772
109869
109884
109844
109918
110472
110561
110601
110373
110698
110973
111096
111178
111129
111030
111236
111251
111509
111546
111761
111653
111632
112183
111855
112143
112216
112497
112601
112536
112892
112986
112960
112813
112822
113305
113483
113594
113566
113537
113819
113517
113810
113968
114295
114291
114250
114183
114243
114359
114729
114756
114665
114914
115040
115372
115457
115408
115570
115659
115444
115714
115797
116104
115979
115971
116309
116262
116265
116328
116799
116837
116645
117161
116905
117292
117205
117455
117675
117548
117666
117656
117956
118031
118170
117996
118156
118280
118604
118326
118791
118800
118692
118788
119005
119171
119011
119466
119485
119376
119646
119685
120013
119991
119946
120270
120035
120303
120425
120310
120851
120992
120619
120860
120975
121289
121256
121431
121621
121313
121609
121812
121913
122001
122052
122270
122424
122363
122289
122510
122592
122835
122847
123157
123279
123145
123328
123114
123649
123353
123777
123752
123997
123948
124212
123973
124137
124121
124604
124711
124434
124966
124823
124899
125067
125376
125070
125144
125439
125311
125506
125931
125798
126053
126189
125929
126098
126169
126596
126699
126522
126773
126752
126720
126821
126964
127445
127110
127285
127501
127821
127971
127767
128197
127971
128187
128473
128193
128531
128364
128504
128937
128948
128854
128942
128989
129184
129192
129358
129380
129892
129632
129805
129844
129804
129978
130060
130549
130640
130798
130551
130862
131069
131018
131011
131392
131105
131284
131285
131588
131500
131541
131677
132148
131996
131971
132037
132332
132364
132495
132712
132508
132780
132717
132804
133084
133447
133164
133334
133687
133814
133637
133701
133936
134255
134212
134228
134513
134696
134466
134453
134597
134807
135183
135197
135155
135054
135535
135687
135370
135882
135651
135678
135862
135968
135982
136347
136567
136699
136633
136755
136765
137070
137156
136801
137177
137269
137330
137242
137417
137648
137596
137814
138155
138231
138364
138063
138585
138599
138702
138808
138733
138654
139186
139196
138974
139421
139195
139242
139720
139828
139897
139637
140098
140153
139939
140027
140222
140321
140370
140640
140869
140618
141006
140976
141349
141270
141191
141486
141321
141894
141694
141855
141748
141981
141903
142122
142202
142298
142464
142774
142878
142661
142963
143076
143315
143302
143255
143589
143575
143625
143629
143744
143943
144088
144073
144044
144158
144464
144631
144480
144758
144625
144887
145106
145106
145190
145381
145360
145588
145845
145886
145766
146059
145950
146194
146126
146404
146649
146315
146480
146527
147097
146924
146922
147037
147249
147267
147395
147314
147898
147627
147724
147723
148114
148183
148082
148104
148264
148394
148544
148861
149081
149010
149020
149383
149456
149446
149487
149558
149614
149867
149885
149763
150244
150307
150200
150293
150274
150547
150459
150924
150975
150884
151100
150941
151319
151482
151598
151683
151876
151542
151844
152157
152005
152217
152440
152113
152215
152380
152671
152729
153047
152756
152944
153291
153316
153444
153285
153542
153492
153996
153767
154019
153980
154367
154360
154599
154401
154558
154634
154677
154753
155031
155287
155110
155000
155379
155423
155315
155759
155995
155697
156007
156203
156141
156050
156171
156286
156787
156714
156530
157084
157033
157149
157064
157152
157161
157216
157653
157572
157602
157982
158025
158233
158121
158387
158533
158201
158410
158701
158712
159057
159098
159171
159113
159491
159522
159484
159729
159809
159950
160059
159945
159935
160060
160262
160387
160422
160578
160892
160894
160832
161075
161019
160918
161448
161558
161503
161601
161468
161604
161614
162078
162154
162137
162091
162446
162211
162527
162675
162921
162630
162787
162818
163065
163247
163380
163653
163769
163458
163797
163963
163843
163824
164334
164161
164573
164592
164764
164674
164813
164669
164840
164991
165323
165378
165234
165321
165689
165613
165749
165762
165943
166136
166081
166409
166183
166661
166514
166805
166872
166611
166968
166815
166936
167203
167128
167209
167747
167892
167635
167860
168113
168076
168203
168189
168106
168637
168610
168647
168651
169011
168962
169046
169147
169443
169255
169383
169556
169769
169588
170080
169933
170156
170247
170269
170511
170575
170430
170611
170720
170865
171171
170933
171293
171275
171274
171451
171364
171737
171999
171815
171948
172061
172362
172496
172156
172669
172479
172564
172691
172719
172845
173224
173227
173344
173293
173439
173372
173575
173950
173892
173992
174073
174177
174038
174148
174652
174589
174865
174641
174888
174880
175189
175301
175494
175485
175657
175616
175816
175622
175607
175735
175919
176331
176363
176563
176676
176754
176787
176503
176856
176879
177095
177281
177309
177433
177482
177413
177875
177747
177854
177815
178079
178043
178017
178374
178581
178774
178842
178797
179048
179001
178985
179319
179084
179500
179435
179360
179606
179622
180015
180162
180102
179962
180343
180563
180448
180425
180476
180723
180972
181030
181138
180904
181473
181455
181330
181654
181582
181572
181604
182182
182173
181941
182402
182557
182641
182789
182769
182647
182711
182984
183261
183313
183198
183256
183428
183746
183534
183804
183769
184058
183934
184260
184362
184560
184267
184792
184714
184749
184664
184870
184884
185189
185211
185438
185446
185304
185727
185615
185603
186138
186051
186364
186204
186550
186321
186732
186648
186755
186837
187118
187265
187123
187278
187428
187383
187645
187720
187850
188047
188085
188172
188283
188174
188536
188421
188573
188840
188900
188840
189144
189138
189244
189260
189494
189346
189533
189727
189894
189940
190116
189964
190206
190491
190542
190334
190327
190540
190954
190977
191139
190991
191001
191174
191318
191237
191695
191891
191978
191747
191783
192074
192385
192427
192134
192432
192373
192668
192911
193068
192808
192979
193032
193414
193270
193627
193348
193597
193919
193955
194126
194010
193946
194028
194484
194464
194365
194531
194607
194995
194978
194991
195069
195115
195218
195404
195647
195444
195824
195858
195712
196232
196337
196496
196299
196660
196575
196647
196509
196794
197154
197236
197156
197001
197416
197692
197417
197633
197623
197825
197829
198053
198168
198150
198321
198438
198506
198468
198782
198630
198879
198946
199215
199468
199243
199214
199580
199670
199613
199890
200017
199868
200126
200073
200169
200594
200366
200438
200627
200641
200815
200908
201047
201383
201211
201568
201422
201717
201788
201856
202048
202119
202303
202015
202388
202598
202329
202468
202668
202742
202910
203285
203110
203288
203159
203331
203482
203877
203522
203762
204070
203937
204022
204017
204473
204433
204537
204747
204551
204626
204803
205051
205245
205006
205366
205685
205704
205547
205906
206025
205989
205916
206310
206352
206357
206521
206635
206839
206798
206957
207153
206821
207395
207076
207490
207420
207609
207528
207567
207812
207706
207970
208215
208203
208129
208633
208341
208685
208580
209047
208910
209022
209315
209121
209174
209224
209742
209809
209964
209693
209819
210217
210366
210466
210445
210556
210486
210407
210984
210853
210919
211290
211175
211387
211146
211504
211620
211487
211590
211853
212086
212100
212375
212153
212373
212249
212478
212468
212810
212742
212713
213229
213311
213479
213495
213309
213635
213481
213616
213772
213886
213987
213914
214462
214174
214260
214566
214647
214647
214808
214700
214833
215261
215475
215287
215334
215676
215765
215702
215786
216059
216015
216016
216122
216146
216211
216531
216782
216945
216947
217106
216931
217287
217420
217193
217661
217633
217612
217560
217932
218120
217860
218266
218281
218487
218605
218716
218663
218622
219070
219150
219133
218938
219066
219407
219284
219729
219439
219966
219974
219938
220024
219906
220125
220245
220651
220739
220878
220663
221099
220862
220884
221312
221380
221465
221351
221585
221533
221915
221859
221804
222017
222344
222142
222383
222452
222526
222464
222643
222645
223139
223181
223169
223297
223459
223466
223548
223698
223596
224012
223849
224059
224248
224413
224239
224265
224365
224677
224699
224932
225088
224955
224949
225333
225397
225532
225737
225775
225748
225680
225972
225839
226361
226394
226436
226520
226460
226837
226970
226857
226901
226920
227268
227049
227485
227207
227414
227850
227784
227765
227982
227825
228220
228331
228458
228669
228315
228695
228697
228716
229075
229269
229055
229188
229463
229544
229661
229776
229781
229931
230185
230134
230203
230353
230335
230389
230660
230749
230991
231097
230715
230926
230922
231187
231557
231432
231457
231725
231527
231954
232141
232054
232075
232448
232394
232591
232592
232555
232767
233025
233187
233052
233011
233142
233205
233546
233631
233717
233696
233923
233866
233863
234201
234188
234202
234458
234720
234659
234935
234899
235165
235028
235305
235141
235129
235400
235684
235573
235707
235751
235799
235846
236155
236210
236289
236560
236709
236420
236529
236705
236895
236996
236920
237496
237484
237322
237407
237557
237734
237994
238008
237999
238375
238214
238292
238204
238566
238476
238677
239073
238779
238928
238920
239334
239291
239409
239346
239500
239581
239676
239757
239929
240024
240077
240225
240560
240351
240484
240517
240737
241179
240978
241237
241454
241344
241581
241610
241410
241810
242087
242035
242189
242368
242207
242176
242359
242568
242522
242759
242802
242750
243116
243231
243174
243345
243508
243335
243548
243893
244004
243986
244024
244334
244475
244278
244378
244508
244740
244540
244618
244879
245176
245160
245147
245535
245536
245606
245604
245810
246017
245958
246161
245985
246089
246487
246530
246697
246674
246831
246890
246731
246917
246914
247465
247544
247244
247444
247552
247884
247636
247723
248216
248164
248283
248163
248400
248771
248622
248756
248881
248839
248814
249394
249225
249555
249434
249707
249752
249508
249838
250195
249839
250107
250009
250457
250203
250706
250753
250656
250742
251089
250831
250958
251154
251266
251322
251506
251537
251696
252062
251970
252135
252228
252117
252512
252483
252651
252720
252987
252959
253110
253282
253151
253470
253592
253660
253773
253650
253813
254081
254092
254002
253912
254303
254308
254230
254725
254814
254667
255073
254928
255090
255208
255056
255359
255421
255491
255510
255893
255779
256021
255955
256061
256424
256225
256205
256684
256499
256755
256797
257132
256800
257300
257297
257403
257660
257627
257480
257875
257947
257753
257903
258037
258213
258112
258448
258586
258603
258858
258779
258934
258979
259087
259248
259556
259512
259553
259740
259763
259961
259738
259996
260113
260290
260593
260216
260550
260572
260948
261077
260719
260801
260981
261008
261166
261645
261556
261753
261500
261714
262084
262035
262046
262071
262583
262302
262684
262488
262794
263099
263149
263132
262947
263014
263574
263592
263330
263625
263565
263930
263902
263884
264231
264135
264545
264450
264380
264601
264603
265033
264868
265287
265068
265166
265511
265203
265420
265547
265591
265866
265846
266193
265999
266194
266507
266273
266386
266690
266650
266603
266820
267005
267340
267304
267292
267585
267354
267525
267938
267609
267758
268258
268396
268226
268576
268459
268381
268848
268906
268772
268915
268853
269317
269166
269199
269525
269391
269585
269967
269842
269741
269887
270199
270481
270343
270691
270518
270697
270968
270756
271006
270826
271367
271155
271204
271643
271714
271585
271744
271921
271910
272259
272126
272127
272225
272525
272604
272616
272862
272871
273010
273203
273111
273461
273336
273654
273753
273854
273604
274021
274163
274062
274200
274430
274517
274604
274525
274584
274590
274921
275057
275100
275180
275083
275379
275457
275708
275836
275826
275722
275759
275936
275926
276270
276550
276314
276377
276803
276569
276633
276876
276832
277195
277476
277414
277265
277533
277791
277601
277923
277913
278258
278375
278345
278141
278306
278403
278701
278542
278881
279123
278902
279169
279301
279324
279419
279716
279553
279974
279937
279886
279803
280269
280334
280579
280235
280551
280464
280778
280952
280939
281291
281210
281066
281289
281403
281473
281544
281856
281667
282125
282079
282069
282194
282533
282446
282566
282601
282751
282840
282738
283238
283143
283259
283224
283275
283446
283775
283639
284024
283927
284179
284316
284389
284545
284657
284392
284870
284601
285048
284738
284826
284979
285059
285172
285564
285605
285738
285565
285657
285779
286255
286247
286174
286314
286523
286549
286760
286698
286841
286837
287077
287020
287405
287266
287617
287662
287510
287888
288063
288110
288226
288241
288489
288585
288613
288654
288543
288604
288871
288752
288835
289127
289251
289309
289493
289374
289711
289506
289724
289752
289943
290153
290024
290500
290619
290741
290662
290881
290781
290925
291091
291007
291418
291232
291645
291631
291738
291940
292035
291810
292292
292370
292189
292343
292232
292634
292569
292843
292792
292993
293047
293235
293046
293371
293435
293617
293464
293849
293650
293946
294226
294241
294205
294444
294525
294450
294576
294664
295042
295163
294926
295334
295286
295415
295229
295618
295401
295698
295613
295894
296143
296160
296381
296341
296583
296769
296458
296947
296918
297160
296993
297145
297153
297351
297641
297779
297653
297617
297743
297896
298233
298169
298130
298319
298636
298460
298789
298789
298810
298954
299283
298954
299366
299465
299495
299549
299586
299706
299796
299704
299966
300142
300101
300420
300693
300343
300699
300598
300612
300994
301094
301345
301063
301525
301216
301651
301837
301757
301740
302199
302163
302376
302053
302329
302393
302501
302878
302879
303007
302727
303035
303325
303269
303437
303297
303414
303632
303896
303812
303944
303842
303907
304042
304557
304484
304710
304708
304573
304620
305001
304872
305283
305277
305578
305313
305770
305579
305591
305801
305786
305918
306336
306363
306339
306473
306761
306605
306857
306809
307118
307254
307152
307277
307448
307409
307713
307510
307870
307938
307830
307823
308162
308366
308400
308440
308779
308522
308919
309022
309023
309157
309293
309259
309173
309684
309685
309434
309690
309842
309795
310260
310096
310347
310189
310596
310709
310754
310507
310731
310744
310937
311054
311306
311103
311506
311699
311734
311928
311918
311809
312051
311928
312002
312462
312653
312638
312647
312987
312628
313042
313234
313240
313390
313234
313481
313587
313443
313635
313894
313726
313979
314331
314180
314438
314487
314638
314637
314973
314866
315107
314882
315269
315287
315536
315431
315540
315675
315979
315679
315855
316121
315914
316348
316311
316348
316429
316898
316691
316717
316844
316869
317048
317428
317201
317686
317515
317839
317575
317788
317905
318283
318023
318074
318222
318259
318605
318763
318686
318736
319142
318994
319209
319456
319142
319573
319404
319423
319723
319747
319840
320168
320116
320141
320396
320369
320427
320411
320608
320655
320751
320965
320938
321026
321339
321360
321738
321797
321875
322076
322085
322118
322070
322195
322226
322264
322720
322631
322940
322743
322930
323232
322911
323299
323173
323507
323768
323453
323670
324029
323808
323874
323994
324498
324552
324386
324310
324790
324935
324986
325067
325120
324956
325389
325467
325382
325606
325687
325765
325846
326131
326296
326078
326294
326247
326452
326754
326515
326657
327076
327096
327065
326950
327491
327363
327555
327477
327673
327745
327712
327711
328264
328332
328067
328306
328352
328402
328412
328939
328967
328810
329022
329115
329140
329469
329562
329692
329723
329830
329649
329999
330026
330066
330202
330169
330629
330357
330646
330555
330754
330910
330866
331371
331143
331586
331377
331447
331488
331541
332038
332007
331951
332061
332375
332391
332582
332389
332436
332705
332871
333137
333156
333250
333104
333158
333619
333685
333867
333666
334040
333822
334176
334259
334445
334471
334397
334422
334418
334637
334763
335009
335244
335066
335470
335271
335657
335652
335661
335845
336009
335732
336083
336165
336382
336339
336376
336602
336524
336643
336920
337117
336917
336948
337128
337162
337472
337625
337436
337790
337914
337751
338251
338010
338217
338373
338482
338327
338525
338543
338972
339086
339227
338907
339152
339410
339446
339628
339864
339723
339923
339836
339940
340193
340184
340220
340555
340756
340697
340744
340699
340811
341095
340950
341221
341465
341524
341303
341644
341801
341998
342168
341988
342226
342476
342292
342688
342374
342772
342804
342897
342747
343240
343189
343340
343576
343609
343348
343833
343706
343892
343732
344117
344339
344434
344491
344504
344558
344794
344548
345012
344845
344817
345352
345323
345445
345696
345463
345819
345868
346067
345917
346067
346159
346358
346208
346435
346568
346556
346668
347074
347148
346852
347044
347387
347587
347235
347344
347497
347781
348044
348061
348078
348361
348313
348201
348506
348609
348664
348578
348629
348783
349095
349197
349342
349105
349605
349378
349673
349561
349846
349800
350161
350051
350096
350200
350690
350431
350896
350587
350864
351141
351249
350943
351402
351214
351696
351361
351824
351613
351739
352153
351996
352186
352250
352139
352491
352307
352517
352917
352668
352915
352817
353181
353218
353213
353434
353508
353496
353730
353748
353912
353971
353997
354107
354526
354411
354404
354739
354987
354669
355178
355241
355165
355116
355143
355504
355559
355451
355773
355776
356171
356141
355945
356253
356159
356210
356639
356520
356958
356669
356968
356823
356993
357217
357230
357571
357580
357486
357710
357868
357855
357840
357961
358421
358108
358304
358377
358667
358655
358803
358996
358927
359296
359193
359332
359507
359356
359823
359927
359614
360044
359847
359937
360437
360364
360220
360460
360445
360606
360970
360865
360914
361310
361226
361135
361470
361482
361864
361538
361938
361719
361986
362217
362415
362479
362601
362375
362835
362824
362602
363002
362820
362950
363339
363410
363366
363511
363870
363563
363918
364041
364028
364332
364103
364406
364519
364674
364889
364635
364864
364879
364955
365350
365348
365170
365381
365549
365897
365969
366025
365700
366071
366345
366402
366562
366455
366720
366574
366726
367084
367044
367219
367112
367128
367474
367571
367599
367500
367860
368034
368064
367839
367989
368166
368487
368212
368500
368888
368509
368769
369113
369161
369192
369210
369215
369306
369766
369436
369632
369644
369720
370276
370215
370084
370556
370389
370755
370655
370790
370767
370890
370806
371106
371131
371273
371645
371795
371625
371785
371957
372094
371850
372118
372038
372361
372534
372444
372479
372870
372877
373175
373042
373005
373290
373426
373262
373631
373534
373669
374073
374001
374011
374380
374360
374443
374205
374457
374590
374730
375043
374747
374924
375393
375266
375114
375306
375752
375558
375685
375774
376135
375812
376316
376041
376402
376294
376755
376886
376580
376724
377159
377034
377088
377439
377194
377583
377744
377503
377573
377626
377746
377921
377902
378392
378339
378216
378650
378443
378675
378636
378917
379262
379300
379485
379103
379403
379731
379710
379689
379964
379987
379800
379998
380475
380540
380244
380658
380636
380647
380883
380963
380846
381156
381265
381390
381547
381582
381540
381890
381909
381728
382259
382171
382429
382544
382327
382784
382628
382937
382625
382792
382876
382925
383042
383151
383665
383386
383661
383554
383685
384097
383969
384383
384153
384386
384473
384301
384820
384914
384991
384929
385094
385251
385001
385323
385347
385780
385607
385727
386017
385932
385971
386246
386258
386313
386449
386375
386551
386511
387081
386789
387208
387050
387072
387513
387637
387646
387814
387857
387712
387858
387887
388306
388361
388540
388330
388660
388820
388689
388688
388889
389222
389159
389035
389132
389525
389585
389507
389828
389748
389789
390217
390308
390091
390590
390521
390328
390736
390736
390986
391000
391046
391225
391206
391207
391317
391488
391867
391537
391978
392107
392026
392052
392019
392214
392384
392644
392799
392643
392772
392747
392884
392990
393455
393276
393632
393576
393456
393768
393964
393994
394220
394362
394119
394578
394269
394536
394567
394889
394725
395097
395096
395104
395049
395415
395518
395385
395411
395717
395680
395884
395916
396065
396126
396171
396393
396358
396599
396749
396778
397116
397196
397350
397378
397467
397628
397600
397856
397595
397641
397781
398144
398237
398285
398345
398205
398403
398730
398516
398772
399111
398852
399188
399428
399130
399411
399773
399840
399763
399674
400170
399979
400370
400420
400509
400538
400649
400461
400794
400896
400802
401027
401041
401292
401113
401586
401597
401868
401717
401765
402193
402280
401970
402281
402360
402652
402645
402633
402745
402708
403007
403015
403039
403278
403236
403600
403768
403737
403962
403862
403833
403864
404389
404274
404308
404554
404461
404757
404675
404830
405075
404968
404962
405297
405549
405522
405549
405694
405907
406094
405954
406014
405962
406393
406444
406250
406594
406712
406887
406708
407126
406820
406924
407268
407247
407433
407422
407708
407590
407897
408090
408265
408365
408452
408362
408467
408426
408764
408913
408633
408910
408820
408999
409272
409513
409644
409622
409459
409608
409661
409719
410187
410334
410044
410255
410281
410577
410677
410741
410819
411127
410931
411085
411244
411535
411499
411663
411461
411663
411877
412146
412174
412049
412045
412598
412614
412641
412573
412974
413050
412934
413145
413237
413168
413489
413692
413549
413418
413621
414090
413938
414200
414373
414275
414597
414608
414374
414760
414821
414690
415189
415067
415364
415138
415413
415514
415353
415406
415987
415979
416156
416022
416124
416145
416490
416666
416789
416892
416984
417063
417034
416874
417115
417308
417449
417412
417368
417824
417925
417990
418066
418214
418057
418330
418505
418522
418444
418710
418829
419084
418889
418937
419106
419265
419235
419648
419383
419876
419940
420020
420139
420075
420394
420007
420535
420544
420519
420403
420620
420744
421093
421286
421311
421403
421268
421516
421377
421564
421978
421858
421848
421967
422296
422206
422384
422583
422455
422620
422859
423047
422840
422951
422974
423134
423258
423209
423778
423777
423865
424050
424074
424058
424188
424285
424113
424656
424753
424491
424973
425031
425049
424921
425350
425097
425280
425286
425780
425735
425806
425940
425834
426246
426391
426209
426533
426349
426370
426663
426878
427035
426914
426904
427094
427002
427341
427259
427611
427594
427650
427884
428177
427800
428157
428279
428549
428489
428518
428830
428624
428624
428822
429059
429223
429465
429420
429456
429766
429790
429519
429944
430026
429885
430201
430372
430188
430242
430731
430651
430737
431034
431087
430866
431186
431496
431446
431435
431586
431464
431665
431862
432140
432087
431921
432115
432204
432393
432671
432470
432584
432843
432967
433210
433228
433068
433234
433616
433410
433465
433519
433799
434199
434206
434166
434285
434355
434664
434673
434441
434880
434638
435003
435120
435078
435177
435536
435482
435522
435559
435705
435906
436102
436272
435968
436231
436140
436402
436799
436550
436620
436971
436902
437271
437029
437468
437209
437584
437732
437882
437777
437764
438072
438233
438236
438402
438562
438324
438337
438584
438784
438842
439191
438838
438966
439411
439369
439306
439766
439521
439608
440038
440192
440110
440309
440473
440230
440570
440658
440814
440704
440735
440778
441229
441320
441415
441431
441582
441339
441768
441567
441775
442162
442210
442114
442028
442421
442535
442786
442687
442808
443047
442925
442952
443009
443487
443226
443440
443509
443736
443654
444014
444171
443885
444095
444392
444452
444226
444426
444643
444747
444793
445119
444861
445003
445485
445190
445625
445472
445828
445564
445933
446075
445942
446385
446337
446229
446663
446377
446590
446799
446683
447156
446923
446920
447151
447467
447572
447478
447893
447616
447877
447887
448187
448238
448290
448324
448480
448367
448796
448561
449084
448929
449088
449026
449067
449225
449455
449330
449454
449797
449930
449838
450054
450353
450010
450505
450520
450683
450835
450813
450951
450912
451152
450990
451403
451595
451514
451335
451462
451562
452048
452098
452092
452137
452024
452311
452562
452431
452641
452769
453029
453123
453059
453083
453376
453369
453288
453348
453404
453876
453962
454055
453888
453966
454445
454443
454261
454559
454631
454976
454774
454879
455174
455366
455416
455499
455229
455431
455430
455770
456000
456011
455994
456059
456494
456522
456480
456735
456871
456785
456911
456885
457292
457151
457251
457538
457647
457465
457449
457678
457741
457923
458157
458267
458041
458226
458318
458370
458509
458649
458793
458709
459112
459139
459020
459407
459361
459452
459642
459984
460037
460105
459969
460330
460156
460373
460420
460403
460838
460621
460881
461131
461145
461391
461298
461338
461669
461717
461561
461578
462018
462054
461887
462130
462445
462559
462589
462406
462511
462631
462691
463101
462836
463012
463183
463145
463585
463703
463548
463823
463624
463982
463906
464121
464125
464505
464512
464394
464574
464973
464772
465144
464979
465011
465174
465224
465270
465364
465482
465533
465647
465725
466086
466336
466138
466569
466681
466323
466772
466981
466799
466949
466915
467205
467470
467340
467262
467582
467734
467736
467707
467706
467980
468038
468117
468307
468314
468339
468523
468697
469025
468722
469022
469111
469458
469460
469381
469591
469636
469553
469725
470135
469954
470140
470092
470225
470681
470455
470659
470667
470843
470919
470974
471176
471357
471243
471683
471772
471583
471958
471621
471808
472280
471995
472171
472391
472656
472652
472482
472544
472858
472759
473131
473312
473300
473523
473589
473433
473830
473649
473900
473874
474020
474374
474450
474529
474670
474585
474801
474653
474843
474974
474913
475123
475370
475384
475214
475478
475889
475949
475822
475947
475808
476305
476011
476260
476528
476701
476693
476611
477002
476794
477085
477022
477420
477187
477251
477690
477624
477805
477995
478167
478231
477908
478042
478401
478345
478709
478731
478634
478810
479105
479033
479118
479310
479344
479579
479791
479897
479524
479702
480099
479918
480139
480373
480491
480526
480725
480681
480550
480682
480877
481169
480913
481037
481363
481515
481482
481572
481998
481768
482082
482204
482153
482453
482314
482550
482632
482605
482847
482808
483007
482899
483227
483046
483572
483418
483524
483797
483851
483726
484031
483828
484395
484345
484518
484311
484312
484852
484783
484610
485173
484818
485314
485226
485571
485681
485728
485555
485686
485876
486063
486146
486275
486042
486344
486547
486560
486721
486597
487064
487147
487228
487244
487295
487225
487462
487706
487889
487715
487641
488052
487840
487959
488266
488366
488230
488399
488595
488685
488886
489023
489201
489384
489050
489543
489428
489697
489456
489549
489946
489720
490149
490027
490364
490596
490452
490779
490802
490594
490646
491143
491246
490986
491003
491164
491404
491685
491564
491899
492023
492002
491874
492224
492286
492224
492467
492666
492774
492823
492868
492920
492995
493017
493199
493160
493313
493604
493791
493867
493998
494137
493962
494244
494023
494117
494608
494527
494803
494924
495079
495026
495026
494953
495150
495112
495230
495569
495631
495904
495693
496199
496276
496040
496468
496276
496400
496381
496880
496943
496900
496930
497180
497362
497074
497355
497680
497634
497735
497883
497711
498014
497861
498237
498219
498163
498402
498401
498732
498933
498605
498977
499232
499382
499418
499500
499210
499770
499733
499842
500014
499833
499872
500046
500095
500598
500602
500727
500584
500737
500910
500995
501203
501123
501133
501574
501486
501487
501476
501619
501720
502133
502048
502304
502267
502266
502356
502577
502889
502841
502719
502955
503126
503091
503401
503373
503241
503603
503601
503726
503992
503711
503821
504047
504235
504106
504322
504673
504593
504698
505092
504865
504931
504993
505421
505351
505311
505729
505428
505600
505870
505700
506155
505996
506043
506209
506570
506385
506812
506571
506911
506857
507234
507232
507304
507121
507391
507578
507795
507884
507928
507939
508202
508212
508332
508423
508263
508744
508653
508591
508996
509075
508891
509004
509472
509235
509413
509494
509620
509977
509865
510083
509934
509951
510215
510391
510273
510558
510469
510820
510743
511098
510859
511297
511210
511344
511420
511573
511440
511825
511816
511988
512001
512060
512392
512125
512495
512757
512619
512867
513035
513036
513050
513321
513239
513417
513264
513464
513476
513986
514084
513771
514184
514296
514468
514546
514340
514340
514471
514680
514818
514839
515268
515319
515299
515313
515496
515746
515570
515867
515765
516157
515855
516167
516231
516394
516285
516595
516711
516513
516881
516995
517236
516917
517191
517504
517515
517483
517696
517738
517963
517714
518178
518084
518285
518129
518597
518381
518876
518567
518900
518841
519177
519255
519409
519208
519202
519646
519803
519665
519811
519737
520260
520047
520054
520104
520603
520670
520587
520699
521060
521103
521014
521238
521087
521599
521568
521784
521833
521696
522003
521785
521989
522180
522293
522550
522588
522447
522696
522792
522912
523059
523129
523172
523006
523335
523328
523709
523857
523816
524061
524118
524019
524075
524108
524258
524226
524628
524542
524811
524624
525097
525197
525114
525178
525290
525216
525366
525589
525813
525810
525701
525972
526291
526125
526131
526679
526554
526692
526936
527022
526953
527006
527393
527428
527415
527351
527607
527543
527793
527718
527720
527990
528267
528086
528320
528609
528402
528539
528598
528867
529049
528899
529192
529093
529325
529523
529372
529731
529615
529960
529953
530169
529967
530246
530249
530434
530697
530856
530877
530642
531127
531049
530984
531146
531435
531505
531356
531838
531944
531606
531905
531945
532358
532349
532190
532383
532472
532414
532866
532740
532927
532919
532909
533294
533317
533210
533680
533866
533967
533709
534060
534046
534259
534444
534492
534394
534401
534700
534984
534997
535007
534842
535295
535265
535491
535685
535600
535816
535852
535766
535756
535879
536037
536417
536325
536406
536727
536505
536672
536846
536914
536832
537392
537425
537428
537437
537420
537830
537889
538056
538027
537996
538398
538222
538413
538442
538360
538865
538658
539012
539183
538866
539243
539472
539583
539268
539478
539810
539673
539802
539857
540039
540134
540001
540265
540615
540390
540537
540845
541080
541145
540824
541076
541296
541199
541542
541338
541559
541659
541648
542123
541943
542014
542266
542215
542297
542634
542546
542859
542959
543048
543168
543350
543435
543470
543315
543650
543860
543604
543647
544140
543850
543971
544469
544298
544370
544463
544636
544681
544922
544836
544904
545217
545250
545470
545485
545499
545456
545931
545658
546115
545931
546327
546366
546518
546349
546633
546668
546961
546890
547015
547054
547092
547239
547323
547590
547709
547638
547978
547691
547760
547914
548095
548230
548464
548618
548315
548463
548974
548898
549173
549042
549329
549252
549560
549400
549701
549545
549968
549815
550135
549936
550369
550127
550475
550244
550669
550684
550782
550947
550927
550994
551361
551275
551524
551377
551493
551691
551592
551619
551789
551866
552161
552371
552270
552273
552371
552472
552719
552991
552987
552954
552927
553108
553234
553602
553452
553403
553539
554034
554051
553918
554028
554164
554493
554605
554642
554838
554696
555034
555010
554938
555252
555423
555461
555223
555797
555832
555947
555816
556023
555886
556122
556203
556294
556556
556757
556746
556712
556948
556832
557215
557367
557260
557179
557412
557317
557673
557503
557666
557760
558113
558104
558264
558336
558265
558587
558485
558849
558686
559001
558824
559072
559376
559327
559418
559532
559437
559564
559896
559937
559996
560111
560204
560409
560491
560569
560726
560916
560724
560944
561276
561337
561448
561341
561225
561665
561780
561611
561814
562167
562064
561991
562491
562240
562370
562510
562625
562707
562726
562721
563245
563075
563233
563101
563684
563676
563522
563662
563744
563946
564207
564021
564035
564307
564414
564361
564825
564946
564624
564839
565065
565040
565082
565357
565333
565553
565719
565858
565912
566145
566179
566009
566120
566564
566663
566756
566592
566585
566719
567037
566984
567278
567310
567319
567637
567676
567532
567862
567922
567708
567802
567988
568149
568536
568545
568582
568589
568516
568740
568702
569261
569271
569111
569534
569388
569726
569790
569732
569612
570061
569869
570096
570091
570331
570467
570329
570507
570900
570991
571130
571208
571145
571018
571509
571382
571515
571591
571871
571831
571883
572025
571944
572407
572289
572530
572747
572515
572573
572779
573179
573234
573001
573027
573126
573532
573595
573807
573940
573647
573998
574170
574207
574044
574340
574269
574526
574707
574612
575049
574738
575096
574927
575434
575155
575268
575565
575402
575535
575938
575733
575815
576024
576134
576494
576202
576767
576441
576909
576859
577140
576860
577381
577248
577204
577421
577469
577582
577880
577881
578183
578218
578329
578010
578304
578684
578730
578721
578838
579066
578859
579172
579381
579136
579106
579427
579438
579725
579769
580000
579784
580009
580360
580065
580409
580616
580438
580878
580598
580618
580960
581233
581188
581189
581544
581693
581326
581626
581666
581964
581892
582126
581988
582025
582414
582295
582553
582704
582772
582622
582904
583009
583131
583016
583374
583241
583732
583665
583871
583982
583835
584283
584216
584276
584125
584312
584421
584451
584838
584887
584967
585183
585013
585356
585508
585479
585603
585561
585584
585675
585735
585940
586184
586119
586257
586611
586312
586841
586528
586983
586876
586963
587267
587344
587539
587592
587756
587460
587795
587746
588048
587862
587929
588313
588518
588490
588393
588621
588951
588777
588849
589139
589217
589285
589558
589526
589496
589870
589620
589676
589905
590096
590140
590072
590240
590231
590616
590848
590944
590711
590794
591092
591074
591476
591557
591644
591566
591450
591518
591669
591779
591967
592308
592249
592404
592418
592727
592401
592688
592647
592777
593194
593095
593169
593418
593535
593353
593535
593783
594097
593798
594030
594189
594124
594306
594298
594721
594724
594501
595039
595093
595232
595358
595154
595281
595462
595672
595861
595615
595661
595708
595845
596207
596056
596314
596325
596691
596667
596612
596627
596964
596863
597157
597405
597287
597515
597304
597508
597991
597957
598099
598036
598189
598357
598490
598523
598420
598663
598784
598687
598876
598944
599032
599335
599300
599399
599612
599844
599966
599877
600171
599883
600240
600080
600440
600579
600547
600596
600840
600838
600753
601039
601374
601343
601549
601417
601466
601821
601980
601902
601708
601808
602346
602141
602295
602699
602640
602407
602943
602758
602984
603214
602993
603124
603446
603634
603656
603493
603982
603796
603883
603836
604187
604157
604331
604436
604674
604649
604657
604806
604751
604966
604966
605349
605259
605461
605648
605899
605769
605891
605709
606205
605957
606103
606482
606603
606689
606638
606996
606971
606986
606979
607159
607073
607289
607542
607610
607815
607591
607919
608174
608294
608385
608040
608444
608344
608602
608592
608995
609023
609036
609157
609228
609393
609560
609262
609597
609601
609800
609745
610124
610238
610077
610184
610112
610418
610678
610574
610633
611070
611193
610907
611216
611479
611100
611212
611775
611554
611705
611923
611777
612193
612080
612257
612386
612692
612620
612835
612693
613072
613133
613269
613311
613462
613105
613475
613480
613784
613949
613765
613906
614242
614025
614022
614373
614325
614335
614649
614779
614692
615124
615008
615385
615104
615417
615323
615748
615889
615911
616093
616162
616144
616362
616225
616406
616668
616652
616738
616704
616901
616703
617210
617143
617480
617532
617217
617757
617719
617618
617836
618111
618194
618196
618248
618598
618314
618524
618698
618603
618735
618843
619217
619231
619105
619594
619689
619725
619746
619827
619729
619847
619982
620291
620243
620115
620524
620412
620872
620995
620682
620909
621059
621376
621357
621107
621526
621771
621631
621976
622027
621918
621919
622096
622049
622324
622391
622338
622402
622537
622817
623183
622837
623152
623375
623232
623467
623351
623496
623739
623646
623878
624100
624205
624006
624258
624365
624632
624881
624896
624908
624960
625267
625327
625457
625468
625203
625448
625807
625857
625637
626176
626141
626326
626228
626316
626258
626795
626519
626506
626687
626865
626984
627287
627471
627142
627597
627436
627774
627879
627984
627734
627939
628103
628313
628196
628272
628469
628496
628831
628626
628834
629107
629267
629060
629488
629635
629771
629635
629906
630077
630022
629872
629914
630210
630495
630256
630407
630783
630783
630938
630819
630969
631230
631323
631583
631478
631547
631552
631875
631678
631730
631809
632137
632250
632521
632325
632485
632792
632861
633044
632922
632983
632916
633088
633345
633463
633444
633605
633646
633879
634095
633917
634349
634225
634540
634484
634304
634587
634936
634831
634817
635266
634992
635355
635316
635213
635780
635654
635758
635793
635750
636132
636129
636066
636520
636526
636629
636816
636531
636927
636896
637079
637344
637497
637104
637437
637581
637760
637776
637669
638143
638194
638287
638035
638349
638656
638349
638481
638562
638759
638827
638912
639391
639356
639130
639611
639482
639611
639679
639666
639738
640175
640245
640334
640324
640401
640371
640405
640562
640948
641126
641157
641142
641166
641493
641543
641422
641694
641776
641636
642153
642203
642048
642296
642359
642230
642359
642694
642741
642838
643060
643079
643366
643057
643565
643390
643558
643437
643548
643772
644085
644126
643930
644479
644592
644623
644622
644866
644569
644698
644702
644822
645254
645002
645270
645665
645332
645629
645759
645873
646167
646271
646304
646285
646128
646570
646776
646687
646759
646976
647011
646944
647102
647341
647575
647395
647416
647549
647661
647785
647799
647964
647959
648453
648118
648429
648719
648451
648958
648778
648876
649078
648902
649433
649163
649230
649455
649791
649669
650014
649967
650281
650310
650322
650422
650437
650317
650839
650886
650778
651176
651285
651094
651036
651391
651265
651565
651610
651968
651676
651940
652296
652106
652242
652529
652321
652425
652836
652513
652894
653050
652932
653175
653112
653554
653650
653649
653723
653741
653687
654054
654017
653973
654048
654353
654564
654765
654771
654926
655033
655147
654966
655330
655153
655361
655411
655574
655786
655648
655739
655880
656150
656024
656308
656563
656278
656558
656564
656902
657099
656952
657056
656968
657177
657256
657374
657341
657522
657545
657919
658107
658144
658237
658337
658449
658298
658349
658875
658984
658649
658815
658817
659299
659239
659277
659414
659469
659835
659879
660023
659986
660283
660079
660206
660260
660388
660680
660453
660662
660877
661072
660869
661021
661209
661359
661670
661460
661560
661946
662096
661909
662213
662265
662460
662104
662242
662475
662573
662977
663006
662797
662915
663141
663128
663422
663601
663468
663602
663806
663930
664180
663830
664152
664453
664191
664563
664576
664651
664523
664822
664800
664884
665387
665465
665144
665691
665308
665471
665516
665937
666177
665913
666353
666218
666194
666327
666771
666662
666681
666729
667145
666961
667059
667049
667567
667451
667712
667643
667854
667887
668017
668254
668123
668304
668372
668319
668447
668680
668691
668763
668817
668820
669029
669422
669191
669423
669349
669814
669837
669683
669744
669934
669996
670055
670283
670263
670458
670847
670806
670965
670786
670923
671219
671309
671379
671291
671729
671826
671723
672072
672142
671993
672244
672071
672215
672635
672446
672417
672702
672935
672800
673046
673222
673196
673253
673205
673412
673712
673805
674018
673877
674191
674294
674348
674301
674225
674592
674882
674804
674615
675006
675046
675108
675150
675269
675376
675738
675567
675545
675740
676054
676297
676138
676176
676145
676591
676334
676557
676555
676939
677128
677032
677130
677174
677533
677483
677499
677625
677765
677603
677792
678223
678001
678153
678174
678322
678481
678764
678641
678678
678704
679148
678975
679094
679124
679320
679785
679458
679630
679993
679949
679858
680377
680480
680332
680610
680415
680683
680987
680981
680839
681232
681056
681240
681537
681430
681515
681518
681594
681808
681896
682250
681956
682123
682144
682633
682543
682782
682843
682825
682975
682893
683183
683252
683173
683567
683463
683588
683651
683602
684121
684090
684334
684430
684482
684571
684460
684497
684841
684707
684858
685189
685309
685214
685112
685654
685447
685508
685688
686091
686033
686263
685984
686469
686315
686209
686636
686630
686549
687087
686785
687123
687029
687371
687353
687212
687395
687665
687961
688036
687924
687919
688078
688486
688286
688390
688592
688733
688650
689080
688876
689284
689343
689112
689405
689210
689773
689541
689593
689975
690181
689978
690098
690110
690501
690503
690774
690896
690920
691036
690985
691297
691307
691463
691583
691293
691453
691675
691927
691756
691955
692255
692040
692050
692520
692497
692712
692793
692938
692605
692968
693071
692935
693318
693482
693637
693773
693608
693933
693846
693844
694018
694143
694052
694133
694426
694445
694439
694853
695024
694895
695260
695132
695187
695110
695352
695784
695674
695545
696022
695980
695966
695946
696167
696584
696480
696404
696710
696988
696990
696756
696933
697360
697299
697137
697694
697677
697582
697533
697830
698159
698028
697942
698191
698515
698604
698643
698799
698678
698840
698873
699110
699306
699219
699578
699443
699799
699834
699553
700088
700024
699909
700373
700137
700360
700210
700431
700537
700544
700616
700919
701155
700996
701261
701146
701563
701465
701641
701762
701795
702034
702087
701906
702240
702459
702684
702635
702610
702918
702988
702750
702895
703249
703023
703332
703309
703685
703615
703598
704030
703783
704117
704185
704179
704530
704384
704342
704847
704777
704756
704843
704911
705343
705149
705304
705354
705785
705439
705865
706003
705980
706215
706250
706129
706391
706634
706391
706576
706649
706789
707158
707032
707259
707096
707363
707489
707580
707705
707737
708009
708013
708180
707921
708257
708481
708425
708563
708766
708616
708728
708821
709196
708944
709324
709478
709535
709558
709869
709863
709860
709710
710122
710244
710369
710518
710308
710459
710450
710765
710848
711159
710879
711380
711332
711288
711561
711709
711851
711579
711626
711780
712000
712174
712476
712476
712352
712463
712535
712973
712626
713095
713136
713248
713239
713305
713318
713499
713764
713668
714065
714164
714280
714296
714444
714412
714284
714605
714622
714535
714836
714948
715267
715337
715374
715543
715365
715679
715858
715800
715952
716185
715995
716088
716185
716387
716446
716604
716886
716962
717072
717003
717227
717352
717199
717471
717317
717435
717577
717839
717771
718113
718239
718390
718202
718413
718486
718668
718592
718744
718620
719097
719029
718968
719437
719367
719555
719483
719471
719693
719746
720095
720149
719973
720200
720500
720644
720617
720436
720973
720756
720759
721039
721347
721049
721393
721460
721635
721413
721805
722032
721734
722002
721913
722102
722591
722480
722609
722575
722851
722954
723021
723047
723103
723246
723399
723304
723342
723516
723992
723616
723824
723851
724007
724071
724200
724600
724483
724688
724914
725088
724772
725100
724942
725085
725502
725234
725666
725463
725709
725669
726117
726182
726068
726473
726580
726667
726729
726422
726583
727021
727090
726859
727372
727497
727230
727624
727698
727566
727564
727764
727854
727936
728364
728049
728322
728418
728383
728488
728781
728744
728709
728850
729278
729178
729123
729558
729445
729704
729880
729681
729925
730071
730040
730049
730220
730323
730774
730770
730789
730638
730734
731095
731075
731350
731444
731449
731720
731827
731689
731653
731771
731998
732004
732449
732476
732679
732607
732774
732784
732640
733155
733161
733063
733095
733511
733483
733370
733637
733654
733959
733975
733840
734055
734302
734343
734699
734351
734563
734779
734840
734917
735150
735191
735173
735252
735219
735304
735711
735893
735740
735903
736148
736254
736366
736396
736465
736302
736618
736502
736756
736778
736929
736948
737085
737384
737491
737384
737587
737955
737963
737980
737824
737966
738071
738149
738418
738390
738805
738881
738936
738746
738885
738936
739400
739403
739384
739317
739705
739903
739971
740161
740281
740252
740362
740518
740336
740453
740402
740824
741060
740918
741256
741384
741284
741127
741585
741654
741869
741791
741687
742005
741989
742072
742194
742189
742528
742678
742858
742633
742881
743029
743247
743014
743033
743409
743232
743470
743862
743887
743946
744123
743905
744054
744259
744341
744233
744445
744847
744502
744888
744734
744960
745377
745059
745454
745618
745687
745632
745876
745972
746066
745857
746219
746480
746190
746328
746665
746512
746943
746852
747010
747018
747109
747464
747577
747650
747649
747874
747897
747952
747962
748231
748264
748239
748442
748418
748457
748629
748802
748985
748802
748820
749342
749273
749101
749585
749554
749618
749849
749797
750170
749812
750315
750179
750428
750444
750781
750578
750719
750978
750730
751133
751061
751246
751525
751204
751616
751834
751585
751718
752020
751839
752039
752114
752413
752692
752799
752819
752710
752801
752816
752832
753113
753383
753311
753241
753427
753444
753719
753798
754122
753901
754284
754435
754447
754509
754739
754563
754743
754977
754834
754863
755168
755125
755130
755633
755769
755781
755852
755779
755782
756268
755963
756295
756303
756326
756489
756583
756670
756860
757081
756892
757262
757117
757479
757261
757726
757719
757725
757622
757748
758011
757985
758316
758436
758667
758402
758705
758849
759054
759036
759231
759175
759251
759179
759678
759677
759520
759661
759647
760080
760195
760391
760242
760112
760570
760456
760839
760541
760981
761161
761241
761344
761398
761358
761332
761666
761612
761789
761815
761866
762277
762398
762441
762328
762629
762572
762505
762549
763033
762704
763230
763080
763495
763124
763393
763665
763580
763984
763859
764113
764097
764100
764357
764147
764510
764641
764813
764522
764730
765180
764989
765007
765331
765582
765535
765560
765654
765940
765910
765740
766244
765992
766072
766391
766316
766565
766409
766649
766701
766968
766862
767298
767468
767372
767646
767431
767513
767711
767753
767796
767844
768094
768203
768475
768377
768339
768887
768783
768931
768849
768975
769028
769241
769348
769471
769510
769765
769780
769959
770167
770200
770173
770365
770469
770597
770463
770752
770863
770975
770705
771259
771171
771200
771262
771698
771529
771453
771985
771964
771937
771935
771940
772217
772476
772340
772788
772838
772505
772721
772997
773124
772921
773423
773290
773442
773620
773605
773594
773635
