50 300
Absolon
50
2 4 5 8 9 10 11 13 16 17 19 22 28 29 32 34 39 40 41 42 44 46 47 49 51 52 53 54 56 57 58 60 61 66 67 68 73 75 76 77 78 80 84 85 86 87 88 90 93 100
Absolonova
34
2 3 8 10 11 14 16 19 28 30 31 33 35 36 37 38 41 42 44 50 51 52 54 56 59 63 68 72 73 82 83 85 91 92
Adam
43
3 4 5 8 15 17 21 29 32 33 34 35 36 37 39 43 44 45 48 54 55 57 60 61 62 64 66 69 71 74 79 82 83 84 85 86 89 90 92 93 94 97 98
Adamcik
14
32 97 98 5 72 42 76 80 19 52 55 23 59 94
Adamcikova
52
5 6 7 12 13 14 15 18 19 20 21 22 24 26 28 30 31 32 34 35 39 40 41 42 43 46 48 49 53 54 55 56 66 67 69 70 71 73 74 75 76 80 84 85 89 91 92 94 95 97 99 100
Adamcova
25
2 3 11 14 16 28 32 40 45 48 53 61 64 68 69 71 72 78 81 83 85 86 87 97 100
Adamec
22
3 5 10 14 17 18 19 23 24 31 36 38 40 41 42 49 77 84 93 94 98 100
Adamek
56
1 4 6 7 10 11 12 14 16 18 19 21 22 23 24 26 27 29 30 31 32 35 36 39 40 41 43 44 48 49 50 53 55 62 63 64 66 70 74 75 77 78 82 84 85 86 88 89 90 91 92 93 94 95 98 100
Adamik
22
1 12 16 18 27 30 37 42 44 54 56 57 58 60 63 67 72 73 79 88 91 95
Adamikova
9
32 34 14 79 48 19 85 88 94
Adamkova
48
5 6 7 8 9 10 12 13 14 19 21 22 23 24 26 28 29 30 35 38 40 42 45 46 48 49 50 51 53 54 57 59 62 63 66 69 73 74 75 81 84 87 89 91 95 97 98 100
Adamova
18
33 67 99 5 69 70 73 91 75 92 18 84 53 57 27 60 30 95
Albertova
62
2 6 7 9 11 13 14 16 17 19 20 22 23 24 26 27 28 29 30 31 32 33 34 35 37 40 41 42 43 44 45 47 48 50 51 52 53 55 56 59 60 61 62 64 69 70 71 72 74 75 76 77 78 80 82 87 89 93 95 96 98 99
Albrecht
56
2 3 6 8 9 10 11 12 13 17 21 22 24 25 26 27 29 31 33 37 39 40 42 43 44 45 46 47 49 51 52 53 54 56 57 60 61 62 63 64 66 68 69 70 72 75 77 80 85 87 92 94 97 98 99 100
Albrechtova
47
1 2 6 7 8 9 11 12 13 16 17 22 24 26 28 29 30 33 36 38 40 43 45 49 55 58 59 62 66 67 71 72 73 74 76 77 78 80 82 84 90 93 95 96 98 99 100
Alexa
45
6 9 10 11 13 15 17 18 22 25 26 27 28 30 31 35 39 41 42 45 47 49 51 55 60 62 66 67 69 70 73 75 76 77 79 80 82 83 84 85 87 88 89 94 100
Alexova
32
2 3 4 10 12 15 19 20 26 30 33 37 38 40 41 43 46 50 55 57 58 60 63 67 68 70 71 74 79 84 93 100
Altman
26
1 2 6 7 9 11 17 22 25 31 36 39 45 51 56 61 74 79 81 85 92 93 94 97 98 99
Altmanova
49
8 9 10 13 14 15 16 17 20 21 24 26 27 28 30 31 32 35 39 41 42 43 46 48 50 51 52 53 55 57 58 60 62 67 68 70 74 75 76 80 81 82 83 89 92 95 96 97 98
Ambroz
58
1 2 3 4 6 7 11 14 15 16 19 22 23 26 27 29 30 31 32 33 36 37 38 40 41 44 46 51 54 55 56 57 60 61 62 63 67 68 71 72 74 75 76 77 78 79 81 83 85 86 89 91 92 93 97 98 99 100
Ambrozova
5
7 16 85 88 94
Andel
17
32 65 34 69 38 9 73 79 49 18 19 20 86 54 24 92 63
Andelova
29
2 3 7 8 9 12 18 20 21 24 25 26 32 33 36 38 40 50 55 65 68 71 75 77 80 82 85 90 98
Anderle
53
3 5 6 9 10 11 12 15 20 22 24 25 26 27 28 30 31 32 36 41 42 47 51 52 53 54 55 56 58 59 63 64 67 72 73 74 75 76 79 81 84 85 86 90 91 92 93 94 95 96 97 98 99
Anderlova
49
1 5 6 11 12 18 19 26 27 32 34 37 38 39 40 41 42 43 45 46 50 52 53 54 55 56 57 58 64 66 68 69 70 73 74 76 77 79 80 82 84 88 89 91 94 95 97 98 100
Andrle
54
3 5 9 10 12 17 19 22 23 24 25 26 27 29 30 33 34 38 39 40 41 42 43 45 46 47 48 49 51 54 56 57 58 59 61 65 67 68 69 72 75 76 77 78 79 82 83 85 86 87 89 93 94 95
Andrlik
2
18 68
Andrlikova
63
1 2 3 4 6 7 9 10 11 12 13 15 16 17 21 22 27 29 31 32 33 34 35 36 37 38 39 40 42 43 46 47 49 50 52 56 58 59 60 61 62 63 64 65 66 68 69 72 73 74 77 80 81 83 86 87 88 91 92 94 96 97 99
Andrlova
48
1 2 5 9 10 12 13 14 15 17 19 22 24 26 30 33 37 44 46 50 52 53 54 55 56 59 64 65 66 67 68 70 71 73 76 79 80 81 82 84 86 87 89 93 94 97 98 99
Andrs
41
1 7 9 11 12 16 18 20 22 24 26 28 31 35 36 39 40 45 46 49 52 53 58 59 67 68 71 72 74 76 77 78 84 85 86 92 94 95 98 99 100
Andrsova
59
1 3 4 5 6 7 10 11 14 16 19 20 21 23 24 25 27 28 29 30 38 39 41 42 44 45 46 48 50 51 52 53 55 58 59 60 61 64 65 68 69 70 71 72 73 74 75 76 79 80 81 82 83 87 90 92 96 99 100
Andrysek
58
1 2 4 6 7 8 9 10 11 13 14 15 16 17 18 20 21 22 23 24 26 27 30 32 33 34 35 36 37 39 41 43 45 46 47 48 49 50 52 56 59 61 62 65 67 68 69 73 75 76 77 80 82 84 87 90 93 98
Andryskova
55
1 3 4 5 9 10 11 12 13 14 16 18 20 24 25 26 28 29 31 35 37 40 41 42 43 46 47 50 51 52 56 60 61 62 65 66 67 71 73 74 76 77 78 81 82 83 84 88 90 92 94 95 96 97 99
Antl
25
2 4 5 22 27 32 35 36 47 51 54 57 60 62 79 81 84 87 90 91 92 95 96 99 100
Antlova
41
1 3 5 7 9 12 16 20 22 23 24 27 28 29 30 33 34 35 37 38 41 42 53 54 56 57 58 61 66 67 70 72 75 76 77 78 79 80 81 94 95
Antos
2
10 99
Antosova
19
2 3 5 6 12 17 22 26 28 38 46 58 62 77 79 91 92 93 98
Aubrecht
30
2 3 4 5 6 9 14 16 20 24 26 30 34 37 44 47 50 52 55 57 64 67 69 76 78 79 83 93 94 98
Aubrechtova
40
2 5 7 9 11 14 17 20 26 28 35 36 37 40 43 44 45 49 50 51 52 57 59 64 67 68 69 73 74 75 76 78 80 82 88 89 91 94 96 100
Augustin
36
4 9 12 15 16 18 19 21 22 25 28 30 31 34 35 37 39 45 46 47 50 51 55 57 65 66 67 69 70 75 77 80 85 91 93 94
Augustinova
54
1 5 6 21 22 24 25 26 27 29 34 35 37 38 39 42 43 44 45 46 47 48 49 50 51 53 55 56 57 59 60 63 64 65 66 67 68 69 70 71 72 75 78 80 81 85 86 87 88 91 92 93 95 96
Augustova
35
1 15 17 20 22 24 27 33 36 37 39 42 44 45 48 52 56 57 65 66 68 70 73 74 75 76 77 83 84 86 88 91 93 94 96
Babak
48
2 3 4 7 8 10 11 13 16 18 19 20 22 24 27 28 31 32 33 34 36 38 39 47 54 55 56 57 58 59 61 62 63 64 66 67 70 72 75 77 80 84 88 89 90 94 96 98
Babakova
12
64 1 3 37 50 52 54 22 88 60 29 31
Babicka
57
1 3 4 5 8 9 11 12 13 17 18 20 21 22 23 24 25 28 30 32 38 39 40 43 45 49 50 51 53 56 57 59 60 64 67 68 69 73 74 75 76 77 78 80 83 84 85 86 88 90 91 92 93 94 95 97 100
Babicky
7
96 2 3 7 82 24 57
Babka
20
13 21 24 30 32 34 41 47 50 52 56 70 76 78 81 83 84 85 87 97
Babkova
52
2 6 7 10 11 12 13 15 19 22 24 25 26 31 32 34 36 37 39 40 41 42 43 44 47 48 49 51 52 53 54 56 61 62 64 66 69 71 72 73 80 83 85 86 89 91 93 95 97 98 99 100
Bacik
32
7 11 14 16 18 19 23 28 29 30 33 42 47 48 52 55 57 64 67 69 72 73 74 75 76 77 79 84 87 90 92 95
Bacikova
54
1 3 4 5 6 8 9 10 12 14 17 18 21 23 24 25 27 28 30 32 33 35 44 45 47 50 52 53 54 55 57 60 61 62 63 67 71 73 78 79 81 82 83 84 85 89 90 91 93 94 95 96 97 98
Cairo
24
1 9 11 13 19 26 30 32 35 39 41 54 55 56 60 67 69 76 81 86 91 92 94 97
Hiroshima
34
2 3 9 10 11 12 14 15 17 18 19 23 26 27 32 34 35 38 41 43 44 47 49 56 60 61 73 76 77 78 82 87 91 96
Guadalajara
37
1 2 4 5 6 7 11 12 14 16 17 23 24 29 31 32 38 39 41 43 44 50 57 64 67 69 71 72 73 75 78 82 84 87 88 90 96
Tampa
39
2 3 5 8 10 13 14 17 18 21 25 26 28 29 32 34 38 40 42 46 47 48 52 54 55 58 60 62 64 65 66 67 73 76 81 89 93 96 98
Astana
40
4 5 6 10 12 13 14 19 27 28 33 34 35 36 38 40 44 45 46 48 49 58 61 63 64 66 68 70 71 74 77 78 80 83 86 87 91 92 93 96
Bucheon
28
2 3 4 9 13 15 23 31 38 45 47 50 52 53 62 66 68 71 73 76 80 82 84 85 90 92 94 95
Giza
33
1 2 5 7 10 11 17 23 24 28 32 35 40 42 46 48 52 60 64 66 67 73 74 75 82 83 84 85 88 89 92 94 99
Jeddah
29
15 17 23 31 33 34 38 41 47 49 51 53 56 58 60 62 64 67 76 78 81 82 84 86 89 92 93 95 96
Cape Town
37
1 2 3 5 6 7 9 10 13 15 20 21 28 31 32 35 36 37 38 40 42 43 47 50 53 60 67 68 69 70 77 78 81 84 85 90 92
Batam
27
2 5 9 12 16 17 20 28 30 32 33 37 47 52 56 60 70 72 76 80 81 83 87 92 93 98 99
Houston
35
2 6 8 12 13 16 18 25 27 30 37 40 41 43 50 51 52 54 57 59 60 63 64 66 70 71 83 84 85 88 94 95 96 99 100
Vladivostok
32
2 7 8 9 13 16 18 22 24 28 30 44 45 52 53 57 59 62 63 65 66 68 71 76 81 83 85 87 90 93 96 99
Perm
24
7 15 21 28 32 33 34 38 41 43 47 58 61 64 65 74 80 81 90 91 92 95 98 99
Indore
27
2 6 8 13 20 21 25 29 35 39 50 51 53 57 59 64 66 73 74 75 77 81 82 89 90 95 97
Rosario
35
1 7 9 13 14 16 17 18 19 21 22 24 30 38 39 40 43 46 47 50 53 63 66 68 71 76 80 81 85 89 90 91 93 94 96
Maracaibo
28
3 9 11 12 14 17 20 23 26 28 37 39 41 42 44 45 53 63 65 67 72 76 81 82 86 87 94 96
Sagamihara
29
1 4 17 21 23 24 25 31 34 35 36 45 49 50 55 56 58 72 75 78 79 82 83 84 87 88 89 94 96
Mexicali
33
2 5 6 8 10 12 14 15 17 20 22 24 28 29 30 31 33 38 44 47 50 56 57 64 65 73 74 76 79 80 85 95 98
Minneapolis
35
3 10 14 19 20 23 24 26 28 32 35 37 41 48 53 54 56 57 60 61 62 63 65 72 74 75 78 79 84 86 90 91 93 96 97
Minsk
33
5 14 15 21 24 25 26 27 28 31 33 36 42 43 53 55 56 64 66 71 73 75 76 78 82 83 87 89 90 92 95 96 100
Ghaziabad
26
2 4 8 11 14 23 24 26 33 34 38 44 45 46 50 51 63 65 68 71 74 77 80 83 92 99
Tbilisi
32
1 6 7 15 17 21 22 24 25 27 28 32 38 41 46 48 52 54 58 60 61 63 69 72 73 75 78 79 87 90 92 93
Tabriz
44
1 3 6 13 15 16 17 21 22 23 25 28 30 33 35 38 44 46 47 50 52 53 55 56 57 60 61 62 64 65 66 67 68 71 74 75 78 79 81 84 88 93 97 100
Suwon
34
3 7 13 14 15 20 22 26 27 31 33 37 39 42 43 47 48 58 59 61 62 65 66 69 72 73 74 75 77 78 83 85 93 97
Kozhikode
23
3 10 13 17 22 35 36 38 39 41 43 46 48 58 63 66 71 72 78 89 90 96 98
San Jose
38
1 3 11 15 18 19 21 23 25 30 32 38 41 42 43 46 47 49 50 51 62 65 66 67 69 73 75 77 78 81 82 85 87 88 89 92 95 99
El Alto
22
4 11 13 14 15 17 24 26 27 28 36 38 48 49 61 64 65 75 82 86 87 95
Lilongwe
23
8 15 18 19 24 27 28 30 33 34 35 36 41 49 52 54 60 71 73 74 75 76 100
Bogota
39
3 4 5 9 18 21 22 23 24 25 26 27 28 29 38 41 46 49 50 51 54 57 60 68 70 71 74 76 77 80 82 86 90 91 92 93 94 97 99
Diyarbakir
32
1 3 7 8 9 10 11 15 16 20 23 26 28 38 46 49 53 54 62 64 65 66 68 75 76 77 82 86 87 92 97 98
Ulaanbaatar
42
1 6 9 10 12 16 18 21 22 27 30 31 32 33 34 36 39 41 42 43 44 46 48 52 55 56 58 61 63 64 65 66 67 73 77 85 90 91 93 94 99 100
Dortmund
28
10 17 20 21 22 28 30 36 38 42 46 47 54 55 56 59 60 65 66 68 70 71 72 80 81 93 94 100
Madurai
35
3 7 13 14 15 21 22 23 25 26 27 28 34 35 36 37 38 39 44 45 49 52 53 58 59 60 66 67 71 77 82 87 88 92 94
Tijuana
28
3 8 10 12 13 20 21 25 27 28 35 39 41 43 50 53 59 70 72 75 78 84 85 87 91 94 95 99
Karachi
26
1 2 3 5 8 15 17 21 25 31 36 38 50 58 60 67 68 72 76 78 81 83 84 92 93 98
Nouakchott
27
1 9 12 15 16 23 24 27 32 41 43 45 49 57 58 60 61 62 68 72 73 74 76 77 87 89 92
Pretoria
32
1 7 8 9 10 17 18 25 32 36 38 39 40 44 48 56 57 59 62 65 67 75 80 82 83 84 87 92 93 94 97 99
Kyiv
24
1 5 8 9 10 13 15 17 19 30 37 42 45 48 59 60 61 75 77 80 82 88 93 95
Hamamatsu
40
6 7 10 11 13 15 18 19 24 26 29 31 33 38 41 43 47 48 50 51 53 55 56 58 59 63 68 71 72 73 75 77 78 79 80 81 82 84 86 91
Chelyabinsk
25
2 7 15 30 32 33 35 37 45 49 56 57 58 60 62 66 69 71 74 75 77 84 86 87 98
Palembang
34
1 3 4 10 19 22 28 30 31 32 33 35 36 41 45 46 47 53 56 60 61 62 69 74 79 83 86 87 88 92 93 94 95 100
Douala
29
6 9 10 12 14 23 33 38 39 41 46 48 49 50 51 53 54 60 62 68 73 76 82 83 84 88 90 91 100
Makhachkala
31
2 11 15 16 18 22 23 24 25 33 34 35 37 41 48 51 53 57 60 63 67 73 76 81 86 90 92 93 95 96 98
Vancouver
35
1 2 3 11 12 14 15 16 17 18 22 23 28 30 31 34 37 38 46 47 50 53 57 68 69 70 71 73 79 80 85 89 90 94 99
Jamshedpur
23
3 5 6 10 12 23 24 31 36 40 45 46 51 56 58 60 69 71 86 88 91 92 95
Moradabad
21
7 13 14 19 22 24 27 29 30 33 40 46 61 62 68 72 76 77 80 84 95
Sendai
36
1 8 10 13 16 17 18 20 23 24 25 26 28 32 38 39 42 44 46 50 55 58 59 62 66 70 74 75 77 87 90 92 93 94 95 97
Bandung
32
2 3 4 11 16 18 19 20 24 32 33 41 42 46 48 50 55 57 58 61 63 65 75 80 84 88 91 92 93 95 99 100
Duisburg
30
4 7 9 10 14 18 23 29 31 42 44 45 64 65 70 72 77 81 83 84 86 87 88 89 90 91 92 93 95 99
Toluca
34
4 5 6 8 10 20 23 24 26 31 34 35 36 37 38 39 44 45 48 49 57 62 65 71 74 79 80 81 82 86 88 89 95 100
Faisalabad
42
2 5 6 12 19 20 22 30 34 35 38 41 43 45 46 48 49 50 52 53 54 57 58 59 64 68 70 71 72 74 79 83 84 86 90 91 92 94 96 97 99 100
Voronezh
26
1 4 6 8 9 12 14 16 19 33 36 38 39 45 47 49 55 57 66 71 73 78 81 84 85 92
Moscow
37
4 5 6 7 8 10 15 16 27 30 33 34 36 40 41 43 44 46 53 55 56 57 60 64 66 72 73 74 75 77 82 84 85 86 88 89 92
Zaragoza
24
3 4 11 15 18 20 23 32 36 42 44 49 51 54 57 74 76 78 84 87 88 90 95 98
Dublin
22
1 7 9 13 24 28 36 38 39 40 51 53 56 63 69 70 74 76 77 86 98 99
Rotterdam
29
1 3 9 10 12 16 19 22 23 26 29 31 37 40 42 43 44 49 58 61 70 75 79 80 82 83 87 96 97
Austin
35
2 6 12 13 14 18 19 20 21 23 26 29 33 38 39 46 48 49 52 53 59 60 61 69 72 76 79 81 86 90 92 93 94 95 97
Chongjin
23
9 10 23 24 32 36 39 44 51 53 58 61 64 69 70 71 74 76 81 87 93 96 97
Thiruvananthapuram
32
2 3 10 18 21 22 23 38 39 47 49 50 51 53 54 57 60 62 70 75 76 78 79 80 81 82 84 86 87 89 94 98
St. Louis
35
2 3 5 8 11 14 19 22 24 26 27 28 30 39 41 48 51 54 55 59 60 63 65 66 67 70 75 78 81 85 86 87 92 95 100
Kenitra
32
5 8 9 10 12 13 15 16 20 23 25 37 39 40 43 49 52 59 64 66 71 73 74 75 76 78 79 83 87 90 91 92
La Plata
25
7 9 11 14 17 20 26 29 34 40 43 45 46 48 51 63 70 71 72 81 88 93 95 97 98
Riga
39
1 2 3 12 13 17 20 21 25 30 34 35 43 44 45 46 48 51 52 57 58 60 65 69 78 79 80 82 83 89 91 93 94 95 96 97 98 99 100
Sapporo
35
1 2 3 4 5 7 9 11 16 17 18 22 25 27 35 45 46 57 58 59 62 67 69 70 73 81 82 88 89 91 93 95 96 97 100
Vadodara
44
1 3 6 7 12 13 15 20 25 27 28 29 30 34 36 37 38 39 41 42 43 44 51 54 58 59 61 63 64 67 68 74 76 78 79 81 82 83 84 87 90 95 98 100
Yaounde
25
2 4 9 18 20 21 22 23 32 36 42 43 44 51 56 57 58 61 63 66 73 83 85 90 100
Duque de Caxias
29
2 9 11 14 22 33 34 37 40 46 47 51 53 59 64 65 66 69 70 74 78 80 81 85 89 91 97 98 99
Mumbai
26
1 2 3 5 7 8 12 18 26 36 39 46 49 51 58 61 64 73 80 81 83 84 86 87 91 99
Harare
21
7 8 9 13 23 28 29 34 37 43 52 56 58 63 70 81 88 89 96 97 100
Lisbon
26
1 6 8 10 14 15 16 19 22 23 27 29 40 51 53 61 62 63 65 66 71 75 76 79 82 85
Bandar Lampung
36
1 5 6 9 13 15 18 22 28 30 37 38 39 41 43 44 51 55 56 57 58 60 62 66 68 70 71 72 74 77 79 86 90 96 97 98
Nizhny Novgorod
32
5 6 9 12 21 22 26 28 29 33 34 35 38 39 41 48 51 56 59 64 66 70 71 78 79 82 87 88 94 96 97 100
Jacksonville
36
4 5 7 9 13 14 16 19 24 25 28 33 35 37 38 43 48 49 51 55 62 64 66 68 70 71 75 77 83 84 85 87 90 91 97 98
Joao Pessoa
25
1 8 11 16 18 20 22 25 35 36 37 38 41 45 50 57 65 73 75 77 83 87 88 92 94
Contagem
23
13 14 16 27 30 48 49 51 55 57 63 66 71 72 73 74 75 82 83 88 92 93 99
Liverpool
39
3 5 9 10 11 12 14 18 23 24 26 29 31 36 38 43 44 45 47 50 52 54 56 61 62 64 69 70 72 75 76 78 79 84 85 90 92 94 95
Chennai
26
3 5 12 18 30 31 35 37 38 41 48 56 57 63 65 71 75 77 78 82 83 84 86 90 91 100
Skopje
30
6 10 13 15 18 19 22 25 32 34 35 39 40 45 46 48 50 52 54 60 61 68 69 73 79 84 85 89 91 98
Palermo
37
1 2 5 7 8 13 21 27 28 29 33 34 36 39 40 43 45 47 49 53 56 57 60 65 66 70 74 76 77 78 79 80 82 85 88 92 96
Almaty
33
1 5 6 7 11 13 22 24 26 28 32 35 36 38 39 43 49 50 52 54 58 69 71 74 77 81 82 84 86 94 96 98 99
Conakry
29
3 5 6 9 14 18 22 23 26 28 29 32 36 41 55 56 60 62 63 65 68 75 77 84 85 86 93 94 96
Atlanta
29
3 11 19 26 27 31 32 35 40 42 43 44 48 53 56 63 64 66 67 70 76 80 81 84 88 90 94 95 96
Bonn
36
5 8 10 13 15 16 18 21 22 23 24 26 27 28 45 47 54 56 57 58 61 64 65 71 72 73 74 77 78 80 81 85 87 88 90 97
Poznan
33
4 6 9 12 14 15 22 25 26 33 35 41 45 48 50 54 55 56 58 60 61 66 71 76 78 80 82 87 90 91 92 95 97
Novosibirsk
34
1 3 4 14 16 21 29 31 32 34 36 38 40 47 50 53 55 58 59 63 65 69 71 73 76 77 80 82 84 86 90 94 97 100
Cuttack
30
4 6 11 12 15 17 18 20 28 31 33 36 37 38 43 45 51 53 64 65 69 70 73 76 77 85 87 90 93 96
La Paz
33
3 9 15 19 20 22 26 29 30 35 37 39 43 47 49 50 52 58 61 62 64 65 70 72 74 75 77 84 86 87 89 94 100
Makassar
32
4 5 7 8 9 11 16 19 20 26 35 38 39 42 47 48 49 51 52 55 59 66 67 70 72 74 77 78 85 92 93 95
Chandigarh
33
1 3 6 11 17 23 29 33 37 38 39 42 44 45 46 47 50 51 52 62 64 65 67 69 70 71 72 76 84 85 91 92 99
Rome
35
3 7 8 9 12 18 19 21 25 28 29 30 33 34 38 39 40 47 53 54 58 59 61 66 69 72 75 81 82 85 86 90 96 99 100
Hama
23
5 11 16 23 28 29 31 35 52 53 58 59 61 63 65 67 70 71 75 81 84 90 96
Indianapolis
25
5 6 11 12 22 24 25 30 35 36 52 53 57 59 60 68 73 74 76 79 81 82 89 92 95
Multan
35
6 7 8 9 11 15 16 19 22 31 38 39 40 43 44 46 47 55 63 64 65 69 72 73 76 79 83 85 87 88 90 93 96 98 99
Gwalior
26
2 9 13 14 20 22 27 31 33 43 45 49 51 57 58 61 63 72 78 79 80 81 82 84 88 93
Warangal
32
6 18 24 27 28 29 31 34 36 38 40 41 45 51 53 59 60 67 68 70 72 75 76 79 81 82 90 92 93 94 96 97
Funabashi
38
5 6 10 12 13 15 17 23 24 25 26 27 29 33 40 46 49 51 54 56 58 59 65 66 67 75 76 78 80 85 86 87 89 91 95 97 98 99
Oslo
21
3 6 27 31 33 34 36 39 48 60 62 67 71 73 74 84 88 90 92 95 100
Athens
28
3 4 5 7 16 24 25 30 31 38 44 45 46 52 54 59 62 70 73 74 79 81 86 89 92 97 98 99
Nashik
29
5 7 13 14 21 24 25 28 29 32 34 37 44 48 60 65 66 70 71 74 79 81 86 87 90 92 96 98 100
Caloocan
28
4 5 10 11 13 15 16 24 26 34 39 41 47 48 53 55 59 66 67 71 72 78 87 89 90 92 93 96
Teresina
42
3 6 7 9 11 13 15 18 20 22 23 25 26 27 28 31 34 38 41 45 46 48 49 51 54 55 57 58 60 63 66 68 70 73 78 79 80 82 87 95 98 99
Aligarh
28
2 4 5 7 10 16 19 21 27 34 35 36 41 44 45 48 62 68 71 74 76 78 79 80 83 90 94 97
Natal
29
3 7 8 10 11 14 16 18 22 23 27 30 35 37 40 42 46 47 52 57 66 73 76 79 80 81 85 93 95
Milan
24
2 4 8 11 13 20 21 23 27 37 38 44 49 51 59 64 70 74 78 83 89 93 98 100
Campinas
28
1 6 9 11 20 24 28 29 32 40 46 47 48 54 57 58 61 68 69 72 73 74 80 81 87 91 98 99
Fortaleza
38
2 6 11 14 18 19 24 25 26 27 28 29 30 34 36 41 42 43 47 49 56 57 58 59 60 61 62 72 74 75 78 79 80 85 90 92 97 98
Milwaukee
23
1 4 11 15 18 24 34 37 39 49 50 53 54 57 60 61 62 63 72 76 77 84 86
Baghdad
37
2 7 12 13 15 17 18 22 23 25 27 29 31 34 35 39 41 44 45 48 58 63 65 67 69 71 72 73 76 77 79 80 86 89 93 99 100
Kochi
29
5 6 7 11 16 20 25 29 40 44 45 52 55 56 57 60 64 65 68 71 72 83 84 85 86 89 90 93 99
Meknes
21
1 3 5 9 16 17 24 26 41 46 47 52 53 57 64 67 81 90 91 96 100
Rio de Janeiro
37
3 5 6 7 8 9 10 15 17 19 21 23 26 35 38 40 41 42 43 49 53 56 61 64 65 70 72 73 76 78 80 82 83 85 92 94 97
Zagreb
38
3 4 7 12 13 14 16 17 19 21 22 29 31 34 37 38 44 45 46 47 49 51 53 55 57 58 61 63 64 68 69 72 75 77 82 84 85 91
Novokuznetsk
28
1 3 4 5 7 8 10 11 12 14 16 23 25 27 35 41 46 47 48 57 62 64 65 68 74 82 95 100
Dhanbad
23
5 8 21 23 27 29 31 35 36 39 41 44 56 57 60 62 66 67 68 70 73 81 98
Saltillo
36
1 5 8 9 14 19 23 25 29 30 32 33 34 43 47 50 51 52 55 58 59 62 65 67 68 72 74 76 77 80 81 84 85 86 87 94
At Ta'if
37
1 3 11 19 21 22 26 29 33 36 37 38 42 43 47 48 50 52 53 55 65 67 69 71 72 74 79 82 85 87 89 90 92 93 94 95 97
Rabat
33
2 4 12 14 17 20 21 22 27 28 32 35 41 44 53 56 57 58 59 61 62 63 67 68 70 78 82 84 91 92 93 98 100
Bikaner
33
1 3 6 8 9 10 11 16 18 20 26 27 28 36 37 38 44 46 53 55 56 60 62 64 71 72 75 79 80 89 90 92 96
Cordoba
25
7 8 11 13 17 19 21 22 23 24 27 29 30 34 41 45 46 47 51 52 55 76 77 88 91
Santo Andre
27
6 18 19 24 30 35 38 42 43 46 47 48 53 60 61 64 65 74 81 86 88 89 90 91 97 99 100
Madrid
38
1 6 7 10 14 16 18 21 22 25 30 32 34 38 45 46 48 55 58 59 63 64 69 70 71 73 75 78 79 80 81 83 86 89 90 91 93 94
Riyadh
36
4 5 10 15 17 19 24 27 29 30 37 41 47 50 52 53 59 62 63 64 67 68 69 71 74 75 79 83 85 87 91 92 93 95 96 99
Cartagena
35
1 3 4 9 15 18 20 23 25 26 28 29 30 31 33 34 37 39 45 46 47 50 52 61 65 66 69 72 77 83 88 91 94 97 99
Addis Ababa
26
10 13 22 29 30 39 42 44 45 46 51 60 66 70 77 79 80 82 86 87 89 91 92 98 99 100
Visakhapatnam
33
3 5 7 9 10 14 15 16 18 20 22 26 33 34 35 38 39 40 43 45 49 52 54 64 65 74 78 85 92 94 96 97 100
Seattle
36
1 7 8 9 10 12 13 14 17 20 22 27 33 42 49 50 51 52 55 56 58 61 63 66 68 70 73 74 80 82 84 85 88 90 91 93
Goiania
32
9 17 20 22 23 28 31 34 36 39 42 48 50 52 54 55 56 59 63 65 70 74 77 82 86 88 89 91 95 98 99 100
The Hague
35
4 6 9 10 12 15 17 21 23 28 29 33 34 42 44 49 50 52 54 56 57 59 61 62 67 71 75 77 80 84 95 97 98 99 100
Edmonton
26
2 5 9 17 18 30 34 39 43 46 47 48 49 54 56 57 72 74 76 81 83 90 91 94 96 98
Chicago
24
5 8 14 16 25 28 29 35 44 48 56 58 62 63 72 74 76 79 87 92 93 94 98 99
Perth
30
5 7 16 18 20 21 32 35 36 37 40 46 55 57 58 59 60 63 65 67 74 77 82 86 88 91 93 94 95 97
Ottawa
24
1 10 11 13 14 15 28 37 39 48 52 53 55 57 58 59 60 66 71 82 85 90 95 96
Kawasaki
43
3 4 5 6 8 9 16 23 29 30 31 33 35 36 40 44 46 47 48 51 52 53 54 55 57 62 65 67 68 70 71 74 75 77 78 80 82 86 87 88 92 94 100
Bishkek
31
1 7 14 22 23 28 29 30 33 34 35 36 39 40 41 42 45 49 52 54 55 66 69 70 71 75 80 84 85 87 89
Davao
25
5 7 11 12 14 27 28 30 32 37 38 43 49 55 65 67 75 76 77 80 83 85 91 92 93
Manchester
26
12 13 17 21 23 24 26 27 37 43 47 54 57 63 69 71 73 74 75 76 84 86 87 89 92 99
Montreal
22
2 8 15 17 18 22 28 42 43 49 56 58 61 65 68 72 74 75 77 88 89 93
Essen
31
3 7 16 20 24 28 35 37 39 40 43 45 46 47 48 54 58 59 64 66 67 74 75 76 77 78 81 82 84 87 95
Jakarta
29
2 3 7 8 10 12 14 15 21 26 28 34 35 37 42 45 49 51 52 53 63 73 79 80 86 87 89 98 100
Nova Iguacu
23
2 3 6 15 18 23 26 31 33 34 44 46 54 56 57 68 72 77 84 85 86 87 95
Ribeirao Preto
35
2 6 8 9 11 13 15 16 18 20 21 23 25 27 34 35 39 41 45 47 51 55 58 61 64 65 67 72 79 81 83 84 88 90 96
Daejeon
35
3 7 9 16 21 26 30 33 34 47 54 55 56 57 59 60 63 66 69 71 72 76 77 78 79 83 86 87 88 93 94 96 97 99 100
Queretaro
39
2 4 12 13 17 18 19 20 22 23 25 28 30 31 33 36 43 45 51 58 61 63 65 67 70 71 72 73 75 77 79 83 87 89 91 96 97 98 99
Bhubaneswar
25
2 4 5 11 12 13 20 25 26 30 35 37 38 52 64 68 69 70 72 78 81 87 92 96 98
Padang
37
5 6 7 10 12 14 16 18 22 23 33 37 38 39 43 48 50 51 52 55 58 60 61 66 67 68 71 73 74 85 86 87 88 90 93 95 100
Denver
36
3 4 5 6 11 13 15 16 17 19 21 23 25 28 29 33 39 48 49 51 55 58 59 63 65 66 69 73 75 76 84 86 91 94 97 99
Ludhiana
40
2 4 5 7 10 14 15 16 18 19 23 31 32 33 42 43 45 47 49 50 51 53 58 63 66 67 69 70 72 74 76 82 84 85 86 87 88 92 93 98
Ulsan
24
1 11 13 15 16 17 19 36 51 52 57 62 73 76 77 80 83 84 85 90 92 95 98 100
Zurich
35
3 6 14 16 17 21 23 25 27 28 35 36 41 44 47 52 54 56 58 62 63 67 69 71 73 76 80 81 84 89 91 93 98 99 100
Ho Chi Minh City
24
4 8 9 11 13 24 25 27 29 33 34 36 37 39 46 51 56 65 66 72 80 82 86 92
Louisville
34
2 8 12 17 24 26 31 33 34 35 37 39 40 41 48 50 55 56 57 59 60 61 63 64 69 71 83 88 89 93 96 97 98 99
Adelaide
28
2 3 7 8 12 16 20 22 24 33 35 40 46 50 56 60 61 68 74 76 77 81 82 85 87 89 94 98
Medan
33
2 4 5 6 8 10 18 23 25 33 36 40 45 46 48 49 54 55 58 61 62 63 64 68 71 72 73 84 87 88 93 97 100
Brussels
29
9 11 14 21 24 25 29 30 34 40 46 47 51 54 55 62 71 75 77 81 82 85 87 88 90 91 95 97 98
Shiraz
33
1 5 10 12 16 20 22 26 27 29 30 34 37 41 43 44 47 48 50 51 54 55 65 72 73 76 77 79 81 85 90 94 97
Dongguan
40
4 6 14 15 18 19 23 24 26 27 35 38 39 41 44 45 50 51 53 55 56 58 60 61 63 64 65 68 70 72 75 83 86 88 93 94 95 96 98 99
Birmingham
37
1 2 3 8 12 13 14 16 24 28 30 31 32 34 35 37 40 41 43 44 47 48 50 51 55 59 63 66 74 75 81 84 88 89 90 94 98
Oklahoma City
36
2 3 8 9 11 13 14 16 17 21 24 28 31 32 33 34 35 36 37 39 40 42 45 50 55 56 63 67 71 76 77 84 89 90 95 100
Charlotte
25
1 4 7 8 17 18 24 28 36 37 40 43 45 50 63 67 69 87 88 90 91 92 94 95 98
Daegu
31
5 11 14 15 17 18 23 29 31 35 36 39 43 51 54 56 57 60 61 65 68 71 74 75 81 85 86 88 89 92 99
Raipur
33
7 10 13 14 20 23 29 31 34 36 41 43 44 49 53 54 56 58 60 65 66 69 70 71 72 74 75 80 85 92 93 96 99
Sorocaba
26
6 11 12 18 19 21 23 28 37 38 41 47 51 52 53 54 59 63 77 80 82 84 85 94 96 97
Jerusalem
30
2 3 4 10 11 12 13 14 15 17 20 22 26 29 35 36 44 47 48 49 54 59 60 70 72 75 79 92 97 99
Cebu
23
3 6 7 14 20 24 29 34 36 38 43 50 51 61 67 70 71 73 81 84 87 90 96
Wroclaw
23
2 4 5 9 10 18 26 30 37 38 40 44 45 47 49 57 61 64 68 71 76 88 98
Hamhung
29
3 8 10 12 18 21 22 23 24 25 26 28 34 37 44 45 47 55 60 61 66 70 72 74 75 77 80 83 99
Vienna
31
5 9 15 16 17 19 20 24 25 26 28 30 31 36 45 48 50 51 53 60 63 67 73 75 77 78 82 83 95 97 99
Seongnam
36
2 5 6 8 9 11 13 15 16 17 19 23 24 29 33 35 38 39 46 48 50 61 62 65 66 68 72 73 76 79 81 84 85 89 91 92
Khartoum
34
1 5 7 8 9 11 21 22 25 26 30 31 36 40 42 45 46 49 50 52 54 55 66 67 70 80 82 86 88 89 93 98 99 100
Merida
30
5 6 8 11 22 28 31 33 34 40 44 45 48 49 50 55 56 63 65 72 75 79 80 81 82 83 87 92 93 98
San Francisco
34
1 5 6 8 11 14 17 23 25 27 34 39 40 43 46 48 52 55 57 58 62 76 78 82 83 84 88 91 92 94 96 97 98 100
Amman
29
1 10 12 14 19 23 24 36 37 39 43 48 49 50 51 52 69 70 80 82 84 85 86 87 88 91 93 96 99
Uberlandia
38
1 2 3 9 12 13 14 18 20 21 27 28 34 35 37 39 42 44 46 48 50 52 54 57 59 64 67 76 77 80 82 84 87 88 89 92 96 100
Hyderabad
41
4 8 9 11 14 19 21 29 31 34 37 38 40 43 44 45 46 47 51 54 56 57 59 61 63 65 70 71 72 73 74 77 81 82 83 87 91 92 94 99 100
Tunis
25
2 6 8 9 19 21 23 26 30 31 32 33 37 39 44 55 61 62 67 72 75 80 92 99 100
Krasnoyarsk
32
1 3 6 7 9 10 16 20 25 26 38 45 55 57 58 64 67 70 71 72 73 74 81 84 85 87 89 91 93 97 98 99
Monterrey
27
2 3 6 7 11 12 16 21 23 24 29 37 39 44 56 57 59 63 69 72 80 83 84 91 94 95 96
Coimbatore
27
10 13 18 21 31 32 37 43 45 46 48 50 54 59 65 69 76 79 81 84 86 87 88 90 91 92 95
Bogor
34
6 7 17 20 21 26 33 35 36 40 44 46 47 49 50 55 57 60 67 68 73 75 76 78 81 83 85 89 91 95 96 97 98 99
Tetouan
30
8 13 18 24 25 26 35 36 38 41 42 45 49 54 55 57 59 60 63 67 70 74 78 84 86 90 91 93 98 99
Yokohama
32
3 13 15 16 17 22 28 30 32 42 44 46 47 48 49 51 52 53 55 58 60 61 63 65 66 83 84 85 86 87 88 94
Naples
31
1 2 4 5 6 7 8 9 10 17 32 38 41 44 47 50 51 59 62 64 65 69 71 74 76 80 81 84 87 88 94
Havana
21
1 2 8 9 12 13 14 20 26 32 35 48 51 55 62 65 71 76 77 84 95
Cancun
37
1 2 3 12 17 18 19 21 22 24 29 31 32 33 34 37 40 42 44 46 48 52 59 62 63 64 65 68 69 71 77 78 81 85 94 98 99
Warsaw
22
11 13 15 16 17 18 25 28 37 44 46 47 50 65 67 80 83 85 89 92 95 96
Lahore
26
5 7 9 10 16 20 21 24 28 29 30 32 33 34 39 42 46 67 70 72 76 78 90 92 94 100
Ahwaz
36
3 7 8 10 12 22 25 26 27 32 34 36 41 42 43 44 46 47 52 53 55 57 60 61 66 72 73 74 83 84 85 86 87 97 98 100
Tyumen
31
1 2 5 8 11 13 15 18 23 24 26 30 31 32 33 34 40 43 44 45 53 57 59 64 76 81 82 83 85 88 98
Ahmedabad
31
5 8 10 13 14 16 18 23 24 26 28 29 30 33 38 39 42 44 46 48 49 51 62 72 76 78 81 82 86 90 99
Ilorin
36
1 8 11 16 17 18 24 28 29 31 33 42 44 45 46 49 51 53 55 56 57 62 64 67 72 75 76 77 78 82 83 87 90 92 94 98
Mosul
33
4 7 10 13 18 19 21 22 23 25 28 29 30 37 39 40 41 44 57 58 59 60 65 68 70 74 75 83 84 85 87 91 100
Seoul
36
1 3 5 7 9 13 14 17 18 19 22 25 27 29 37 39 43 45 48 50 54 55 58 59 60 61 62 67 71 72 77 82 84 93 95 97
Malang
29
4 8 10 15 18 22 26 30 39 42 43 48 50 51 52 53 57 59 60 61 62 69 70 72 76 78 87 92 96
Zaporizhzhia
28
3 9 12 19 20 22 30 33 34 36 45 46 54 58 59 66 68 72 77 81 84 87 90 92 96 97 98 100
Tehran
28
5 16 18 20 21 23 27 38 41 46 50 52 54 56 58 59 64 66 68 75 78 82 84 85 86 88 91 96
Bremen
28
2 3 5 15 16 20 23 25 28 34 43 45 47 50 54 57 58 63 65 67 69 70 73 78 79 86 92 100
Sydney
29
6 8 12 14 17 21 27 30 32 34 35 37 40 42 47 49 53 57 59 71 73 75 78 81 87 89 92 94 98
Manaus
39
2 5 6 8 9 10 11 19 21 23 26 29 33 34 46 47 48 50 54 55 56 57 59 61 62 64 70 71 72 73 74 76 80 84 86 89 92 93 99
Tashkent
39
1 2 4 5 6 13 20 21 25 27 36 37 39 45 47 52 57 59 60 61 63 64 66 70 73 75 78 79 81 83 85 87 89 90 93 94 96 97 100
Tyneside
37
3 4 6 7 8 10 11 12 14 15 23 24 26 28 35 43 46 50 52 55 56 58 62 63 68 70 71 73 74 75 78 81 90 91 94 95 97
Jamnagar
28
7 11 17 24 29 30 32 34 38 39 40 41 45 54 56 58 59 66 68 69 74 78 80 84 87 88 98 100
Quezon City
39
3 6 8 12 14 15 16 17 19 21 22 23 24 25 28 31 34 37 38 42 44 46 47 49 50 52 54 62 66 68 70 73 74 79 86 90 93 97 99
Krasnodar
35
1 2 5 10 11 12 16 18 21 25 29 30 31 34 37 38 39 41 42 46 47 48 50 57 59 66 79 81 84 86 87 92 94 96 97
Bareilly
23
16 20 26 28 32 33 37 39 40 42 49 51 55 56 59 67 70 71 72 74 77 79 80
Jabalpur
24
2 9 14 22 23 27 28 31 35 43 51 54 56 63 67 72 73 74 76 78 83 89 92 98
Osaka
34
2 5 8 10 15 17 18 19 25 30 33 38 41 46 48 54 59 60 69 70 74 76 77 80 81 83 86 89 91 93 94 95 98 100
Bulawayo
25
4 10 13 15 16 20 21 23 39 41 43 46 48 58 62 66 72 74 84 88 89 95 98 99 100
Sao Jose dos Campos
41
1 2 5 6 9 11 12 13 14 18 22 24 27 28 34 37 38 39 40 43 45 52 53 55 58 60 63 68 69 73 77 79 80 83 85 86 88 92 95 96 100
Omdurman
31
1 2 3 6 13 22 24 28 29 30 32 36 41 42 46 49 54 57 59 62 65 66 75 78 79 83 84 85 88 99 100
Cheongju
27
7 8 12 17 18 20 24 27 30 31 34 38 39 44 45 51 56 58 61 62 65 67 77 81 90 93 98
Barranquilla
37
1 3 6 7 9 12 13 16 21 22 25 29 30 36 42 46 50 52 53 55 57 58 60 61 63 67 68 69 77 80 82 87 89 93 94 95 98
Colombo
21
1 2 4 6 13 16 20 23 33 37 51 53 56 57 62 63 66 82 90 93 100
Winnipeg
36
1 4 5 8 9 11 12 27 33 34 35 38 41 45 47 50 53 57 58 59 60 61 65 69 71 72 73 74 84 86 89 90 92 93 94 95
Aleppo
28
2 3 7 10 12 13 14 15 17 18 19 20 31 34 43 44 45 50 59 61 62 64 66 69 75 76 83 97
Cuernavaca
24
2 3 6 9 16 17 23 27 30 39 41 46 47 50 52 56 64 67 70 76 78 87 92 98
Yerevan
32
1 5 6 8 10 13 14 19 20 21 23 25 26 27 30 32 34 41 45 50 60 61 65 67 68 70 74 75 77 81 82 99
Ouagadougou
22
4 8 12 13 15 20 23 26 29 31 39 57 59 65 75 77 84 86 89 94 95 97
Stuttgart
25
13 16 20 23 25 27 28 30 32 35 36 45 49 52 57 62 63 65 66 68 69 73 83 94 98
Lima
32
3 5 6 8 10 13 20 25 33 43 48 51 52 57 59 62 67 70 73 75 76 81 83 84 85 86 87 91 93 96 97 100
Cotonou
38
4 10 11 14 17 25 30 35 38 40 41 45 46 56 58 60 63 64 65 69 72 74 75 80 82 83 84 85 86 87 88 89 90 91 95 96 98 100
Singapore
31
2 5 6 9 12 17 26 30 34 43 44 47 49 50 51 52 58 62 63 65 68 70 71 72 74 78 80 82 87 89 93
Antalya
34
5 8 11 12 13 16 19 20 25 29 30 33 34 37 38 40 42 43 45 46 51 53 56 57 61 68 71 74 80 82 90 91 97 99
Saint Petersburg
32
7 11 12 15 17 18 20 21 28 30 32 33 37 42 43 45 48 49 53 57 61 70 71 75 81 85 86 88 90 92 95 99
San Juan
20
1 9 11 16 20 28 52 56 57 62 63 70 72 74 78 88 90 92 97 98
San Antonio
30
2 3 7 11 12 13 15 20 23 24 27 33 38 39 43 47 52 55 57 66 67 70 73 76 77 78 82 89 94 95
Nairobi
26
4 5 13 14 17 18 20 25 26 28 29 30 40 41 50 53 55 59 63 64 70 73 82 94 96 98
Caracas
38
5 6 7 10 14 16 20 21 22 23 29 33 37 38 39 41 42 43 44 51 54 58 61 65 70 71 72 75 76 80 85 86 88 91 95 96 97 98
Dakar
22
3 4 18 23 32 42 43 47 49 50 51 52 56 58 59 77 79 84 93 94 96 98
Glasgow
29
6 8 9 10 23 25 26 27 31 34 35 36 42 47 52 60 61 67 68 73 74 78 81 82 84 85 91 95 100
Kuala Lumpur
31
2 10 15 19 20 23 24 30 34 39 42 43 45 46 48 52 56 62 65 67 68 73 79 81 84 86 88 89 90 99 100
Jaipur
35
2 3 4 7 15 18 21 22 23 26 27 28 29 30 33 35 39 40 46 49 52 53 56 58 63 68 71 76 77 78 84 85 90 93 95
Hachioji
32
1 6 9 13 15 17 19 20 24 27 33 35 37 41 44 50 51 52 53 56 58 60 62 64 73 79 80 83 87 89 97 100
Maputo
33
1 2 3 6 9 11 19 21 23 24 26 30 33 34 37 38 44 45 47 49 50 51 57 59 62 70 72 77 86 87 89 92 98
Samara
27
3 6 8 9 10 11 12 15 22 23 27 32 33 34 42 46 51 54 55 64 65 67 70 77 79 89 100
Barcelona
38
8 10 13 16 20 23 29 32 35 36 39 40 41 42 43 44 48 53 57 59 63 67 68 71 72 73 74 78 80 84 86 88 91 92 96 97 98 100
Varanasi
22
1 8 11 12 17 24 31 35 36 41 44 52 56 62 65 82 83 89 90 96 97 98
Managua
41
1 2 3 6 15 18 19 21 26 29 30 34 35 39 40 46 47 48 49 52 58 59 63 65 69 70 76 77 81 82 84 86 88 89 90 93 94 95 98 99 100
Incheon
30
3 5 6 7 8 10 11 13 14 16 17 21 24 30 34 36 39 43 45 52 54 55 62 72 75 80 86 93 96 98
Sarajevo
29
1 3 5 7 8 10 11 14 15 19 20 24 28 31 36 37 43 50 51 54 69 70 76 79 82 84 94 97 99
Acapulco
19
2 20 25 36 37 40 47 58 64 67 70 74 75 76 77 84 91 96 99
Sao Luis
31
1 4 8 12 15 16 18 20 33 43 44 47 50 51 55 61 64 66 67 69 72 73 80 82 84 85 88 91 93 96 100
Quito
29
2 10 11 15 22 23 25 29 31 33 41 42 50 55 56 58 65 68 71 73 74 76 78 79 80 84 88 93 100
Jalandhar
36
4 6 13 14 18 19 22 27 28 30 31 32 35 39 45 49 53 54 58 59 60 65 71 78 79 81 84 86 88 93 94 95 96 97 98 99
Homs
34
2 6 13 14 16 20 21 30 35 37 40 45 46 47 49 54 60 64 68 70 72 74 79 80 81 82 83 90 91 93 95 96 98 100
Amritsar
31
1 4 8 10 17 20 22 23 24 26 28 29 35 42 48 52 57 59 61 63 68 74 77 79 80 82 83 88 90 93 99
Shanghai
28
7 12 14 19 23 24 25 33 49 51 53 56 58 59 60 64 66 71 72 75 76 80 82 83 84 87 92 96
Buenos Aires
24
2 5 6 11 13 18 20 25 26 27 28 30 31 41 51 60 61 63 64 65 69 85 91 100
Bamako
26
4 6 10 11 12 13 14 22 30 32 36 37 38 41 48 49 64 65 71 76 79 82 83 87 96 97
Montevideo
22
4 8 10 24 32 33 47 49 54 56 57 59 64 65 71 83 84 87 88 97 99 100
Niamey
34
6 8 16 19 21 25 28 31 36 40 41 45 49 50 51 54 56 57 60 66 68 72 73 74 75 80 81 83 86 88 95 96 99 100
Dallas
24
6 17 18 19 20 21 25 29 35 42 44 48 57 61 64 68 71 73 74 79 82 84 87 90
Valencia
24
3 4 6 7 14 18 19 23 36 39 45 47 52 60 61 71 73 80 81 84 85 89 95 98
Santa Cruz
43
2 7 14 15 16 17 18 21 24 25 28 29 38 39 42 44 46 47 50 55 59 63 64 65 66 67 68 71 73 75 77 78 81 82 83 84 85 88 89 95 96 97 100
Algiers
34
1 5 7 8 9 11 14 19 20 21 22 26 31 37 40 45 46 49 51 52 54 58 63 70 72 73 83 85 87 92 97 98 99 100
Ibadan
31
2 5 6 9 11 12 14 24 26 28 31 33 35 39 44 45 49 54 55 56 59 63 65 71 79 81 85 91 97 98 99
Melbourne
30
4 5 6 17 20 25 28 35 36 38 42 46 47 48 50 56 62 63 65 67 69 72 74 80 81 83 85 88 90 97
Samarinda
31
1 5 10 11 13 16 24 26 27 29 31 36 37 41 45 46 48 58 59 60 61 64 65 68 70 81 85 86 88 95 100
Ulyanovsk
29
3 7 8 10 12 19 21 23 26 27 30 38 40 42 46 51 53 61 72 74 75 79 85 86 87 94 95 97 99
Srinagar
24
2 3 4 20 29 33 38 39 40 41 43 49 53 54 58 60 63 67 69 74 77 84 89 99
Asuncion
25
2 10 15 21 22 28 37 38 41 42 43 50 54 55 59 66 70 76 78 84 86 90 92 95 97
Kobe
24
1 2 15 17 19 21 26 28 36 42 43 53 54 55 67 69 71 72 85 86 88 91 95 100
Kitakyushu
37
3 11 14 18 21 22 24 28 29 32 34 36 38 39 40 41 43 44 45 46 49 51 55 57 60 62 64 69 72 73 77 78 80 87 89 96 99
Tripoli
35
4 13 14 15 21 24 25 27 29 32 35 37 41 46 48 50 53 56 57 58 66 67 70 74 77 79 80 82 86 87 91 92 95 96 97
Medellin
29
2 8 24 25 26 29 31 32 34 36 41 43 44 46 47 56 57 58 59 68 69 73 77 81 88 92 93 95 97
Nagoya
38
2 3 5 7 9 12 17 20 21 22 24 25 28 32 33 34 38 41 44 47 49 51 52 55 56 64 68 69 71 73 74 77 78 80 87 97 98 99
Kyoto
24
16 20 21 22 23 26 28 32 34 54 65 67 68 75 79 81 88 91 92 93 94 98 99 100
Durban
33
7 9 10 13 16 23 26 27 28 36 37 54 59 61 64 66 67 71 74 76 77 78 81 82 83 89 90 91 92 95 97 98 100
Kota
33
5 8 11 14 15 16 18 19 22 28 31 35 42 45 52 54 63 64 67 68 70 76 81 83 86 89 90 91 93 94 96 97 98
Reynosa
25
2 5 9 11 12 14 25 27 28 30 38 41 46 50 55 57 58 61 63 74 75 80 83 86 95
Rajkot
38
5 10 14 19 22 25 27 28 29 32 34 36 38 39 42 43 44 45 46 49 53 54 57 59 60 62 65 68 75 76 78 80 81 86 90 92 97 98
Izmir
25
1 3 4 8 16 17 19 30 35 44 46 51 53 57 59 61 70 75 80 84 86 89 92 96 99
Zahedan
27
3 4 7 10 13 15 16 17 20 21 22 43 46 47 49 51 53 54 58 64 68 69 73 87 89 93 99
Sheffield
37
3 7 8 12 15 16 17 20 34 35 36 41 44 46 47 48 52 53 54 57 58 63 64 66 69 74 75 78 79 83 86 88 89 93 94 95 100
Miami
22
3 4 10 16 23 24 32 36 40 44 46 49 51 56 60 61 67 70 84 92 94 95
Peshawar
23
2 8 9 12 13 17 21 22 25 26 29 33 40 43 55 58 69 70 74 75 80 91 99
Pune
31
4 9 16 17 20 26 29 30 36 38 40 45 48 49 50 52 56 57 59 61 62 66 67 71 72 73 74 81 95 99 100
Kagoshima
23
2 5 7 14 15 16 23 24 25 31 35 37 41 51 53 55 58 64 69 78 92 94 100
Santo Domingo
31
3 5 10 11 13 16 18 21 26 31 39 43 45 46 48 56 59 60 61 66 67 68 72 73 78 84 90 91 94 96 97
Guarulhos
38
2 10 11 12 14 16 21 23 24 25 30 32 35 37 44 46 47 49 50 52 56 60 61 63 64 66 69 72 73 75 78 81 82 83 86 87 91 93
Benghazi
31
1 5 6 8 14 16 18 20 22 25 32 33 39 41 42 44 47 48 50 51 57 68 69 73 77 78 82 84 89 93 97
Omsk
33
1 5 7 11 12 17 22 25 28 29 33 34 37 38 39 40 41 42 43 48 56 59 60 66 68 70 82 83 85 89 90 91 93
Kampala
36
2 4 7 10 13 28 30 31 32 34 36 40 42 49 50 51 53 68 70 71 74 80 81 83 85 86 87 88 90 91 92 94 96 97 98 100
Nottingham
28
2 4 12 22 23 24 26 29 32 34 36 38 42 44 48 50 52 56 59 63 66 69 75 79 81 92 99 100
Gaziantep
28
3 4 6 8 25 26 28 31 36 37 38 44 46 49 52 54 57 58 60 63 72 73 76 77 87 93 98 99
Detroit
39
3 7 8 14 17 20 21 22 23 26 27 28 32 34 37 41 42 43 48 50 52 55 57 62 65 70 74 75 77 79 81 86 87 88 89 90 92 93 96
Antananarivo
29
1 3 4 6 7 11 14 20 25 26 32 33 39 44 49 52 57 62 64 65 66 68 69 71 85 91 92 94 98
Kisumu
39
1 3 4 5 9 10 11 13 14 17 19 21 22 23 24 26 27 28 30 32 37 43 45 49 56 58 61 62 72 75 76 77 78 88 89 90 93 95 100
N'Djamena
25
8 10 12 23 28 30 47 49 51 57 58 60 62 63 70 71 72 77 78 79 87 88 94 97 100
Kanpur
22
2 5 7 9 12 13 16 17 20 24 34 40 52 55 58 59 62 65 73 76 81 94
Tianjin
29
1 3 17 20 21 24 33 35 36 41 44 52 57 58 62 68 69 74 77 78 79 80 82 85 86 88 92 95 96
Jeonju
23
1 5 7 8 11 13 16 18 24 27 28 32 35 40 45 48 54 57 62 63 77 93 99
Amsterdam
21
2 9 13 14 15 17 18 19 42 45 54 57 61 66 68 72 82 87 88 92 96
Krakow
34
3 5 7 9 13 17 21 26 30 34 36 37 39 43 46 51 52 59 61 62 65 68 71 72 75 76 77 78 79 80 85 90 91 98
Kathmandu
24
5 6 10 22 26 30 33 36 48 49 56 57 75 77 81 82 89 90 91 93 95 96 97 99
Chiba
29
2 3 10 12 14 15 21 28 30 33 46 47 48 53 55 58 59 64 65 72 78 79 80 86 88 94 96 99 100
Sao Bernardo do Campo
24
2 4 5 6 9 20 21 22 25 26 29 30 31 36 40 41 50 63 79 84 90 91 95 97
Vientiane
41
1 3 4 11 12 13 14 15 17 18 21 27 29 31 34 38 41 43 44 46 50 51 54 57 59 61 66 67 70 71 72 74 75 77 79 80 81 82 84 88 92
Kumasi
38
2 6 7 10 21 23 24 28 30 31 33 34 36 37 38 41 43 45 46 49 50 51 52 53 54 56 57 64 67 69 73 77 81 87 90 92 98 99
Maiduguri
38
1 2 4 5 7 9 10 12 14 19 25 28 33 34 37 39 45 46 55 59 61 64 65 66 68 70 71 74 83 85 86 89 91 94 95 96 98 99
Belem
31
3 7 8 11 12 13 18 20 24 32 38 39 40 41 42 43 54 55 64 65 69 71 77 78 80 82 83 84 89 94 98
